Error in <TSystem::ExpandFileName>: input: $HOME/.root.mimes, output: $HOME/.root.mimes
Info in <TGeoManager::TGeoManager>: Geometry default, Detector Geometry created
Info in <TGeoManager::SetTopVolume>: Top volume is world_volume. Master volume is world_volume
Info in <TGeoNavigator::BuildCache>: --- Maximum geometry depth set to 100
++++++++++++++++++++++++++++++++++++++++++++++++++++++++++++++++++++++++++++++++++++++++++++++++++++++++++++++++++++++++++++++
++  The usage of the factory: "Beampipe_o1_v01" is DEPRECATED due to naming conventions.                                    ++
++  Please use "DD4hep_Beampipe_o1_v01" instead.                                                                            ++
++++++++++++++++++++++++++++++++++++++++++++++++++++++++++++++++++++++++++++++++++++++++++++++++++++++++++++++++++++++++++++++
Info in <TGeoManager::CheckGeometry>: Fixing runtime shapes...
Info in <TGeoManager::CheckGeometry>: ...Nothing to fix
Info in <TGeoManager::CloseGeometry>: Counting nodes...
Info in <TGeoManager::Voxelize>: Voxelizing...
Info in <TGeoManager::CloseGeometry>: Building cache...
Info in <TGeoManager::CountLevels>: max level = 5, max placements = 1044
Info in <TGeoManager::CloseGeometry>: 411734 nodes/ 5904 volume UID's in Detector Geometry
Info in <TGeoManager::CloseGeometry>: ----------------modeler ready----------------
Error in <TDecompLU::InvertLU>: matrix is singular, 1 diag elements < tolerance of 1.1921e-07
Error in <TDecompLU::InvertLU>: matrix is singular, 1 diag elements < tolerance of 1.1921e-07
Error in <TDecompLU::InvertLU>: matrix is singular, 3 diag elements < tolerance of 1.1921e-07
Error in <TDecompLU::InvertLU>: matrix is singular, 3 diag elements < tolerance of 1.1921e-07
vertexline variance is negative: -0.000000
ref-point=(-11.612021,-1.256073,18.561176)
pos=(-11.612021,-1.256073,18.561176) at t=-0.000000
err=
[ -81842926.826725, -16966012746.926329, 2290728.709318 ] 
[ -16966012746.926329, -3439588625736.432129, 451364027.225205 ] 
[ 2290728.709318, 451364027.225205, 187417.070689 ] 
vertexline variance is negative: -128994.007167
ref-point=(-11.612021,-1.256073,18.561176)
pos=(-11.613730,-1.256258,18.563907) at t=0.003227
err=
[ -81842926.826725, -16966012746.926329, 2290728.709318 ] 
[ -16966012746.926329, -3439588625736.432129, 451364027.225205 ] 
[ 2290728.709318, 451364027.225205, 187417.070689 ] 
vertexline variance is negative: -128974.158049
ref-point=(-11.612021,-1.256073,18.561176)
pos=(-11.610312,-1.255889,18.558445) at t=-0.003227
err=
[ -81842926.826725, -16966012746.926329, 2290728.709318 ] 
[ -16966012746.926329, -3439588625736.432129, 451364027.225205 ] 
[ 2290728.709318, 451364027.225205, 187417.070689 ] 
vertexline variance is negative: -0.000000
ref-point=(-11.612021,-1.256073,18.561176)
pos=(-11.612021,-1.256073,18.561176) at t=-0.000000
err=
[ -81842926.826725, -16966012746.926329, 2290728.709318 ] 
[ -16966012746.926329, -3439588625736.432129, 451364027.225205 ] 
[ 2290728.709318, 451364027.225205, 187417.070689 ] 
vertexline variance is negative: -128994.007167
ref-point=(-11.612021,-1.256073,18.561176)
pos=(-11.613730,-1.256258,18.563907) at t=0.003227
err=
[ -81842926.826725, -16966012746.926329, 2290728.709318 ] 
[ -16966012746.926329, -3439588625736.432129, 451364027.225205 ] 
[ 2290728.709318, 451364027.225205, 187417.070689 ] 
vertexline variance is negative: -128974.158049
ref-point=(-11.612021,-1.256073,18.561176)
pos=(-11.610312,-1.255889,18.558445) at t=-0.003227
err=
[ -81842926.826725, -16966012746.926329, 2290728.709318 ] 
[ -16966012746.926329, -3439588625736.432129, 451364027.225205 ] 
[ 2290728.709318, 451364027.225205, 187417.070689 ] 
vertexline variance is negative: -12908334.693685
ref-point=(-11.612021,-1.256073,18.561176)
pos=(-11.629117,-1.257923,18.588495) at t=0.032281
err=
[ -81842926.826725, -16966012746.926329, 2290728.709318 ] 
[ -16966012746.926329, -3439588625736.432129, 451364027.225205 ] 
[ 2290728.709318, 451364027.225205, 187417.070689 ] 
vertexline variance is negative: -12888485.566529
ref-point=(-11.612021,-1.256073,18.561176)
pos=(-11.594937,-1.254226,18.533877) at t=-0.032256
err=
[ -81842926.826725, -16966012746.926329, 2290728.709318 ] 
[ -16966012746.926329, -3439588625736.432129, 451364027.225205 ] 
[ 2290728.709318, 451364027.225205, 187417.070689 ] 
vertexline variance is negative: -1299784263.787641
ref-point=(-11.612021,-1.256073,18.561176)
pos=(-11.783581,-1.274631,18.835314) at t=0.323927
err=
[ -81842926.826725, -16966012746.926329, 2290728.709318 ] 
[ -16966012746.926329, -3439588625736.432129, 451364027.225205 ] 
[ 2290728.709318, 451364027.225205, 187417.070689 ] 
vertexline variance is negative: -1279935138.632784
ref-point=(-11.612021,-1.256073,18.561176)
pos=(-11.441775,-1.237658,18.289139) at t=-0.321445
err=
[ -81842926.826725, -16966012746.926329, 2290728.709318 ] 
[ -16966012746.926329, -3439588625736.432129, 451364027.225205 ] 
[ 2290728.709318, 451364027.225205, 187417.070689 ] 
vertexline variance is negative: -139097290866.912933
ref-point=(-11.612021,-1.256073,18.561176)
pos=(-13.386782,-1.448050,21.397091) at t=3.350977
err=
[ -81842926.826725, -16966012746.926329, 2290728.709318 ] 
[ -16966012746.926329, -3439588625736.432129, 451364027.225205 ] 
[ 2290728.709318, 451364027.225205, 187417.070689 ] 
vertexline variance is negative: -119248410168.540421
ref-point=(-11.612021,-1.256073,18.561176)
pos=(-9.968758,-1.078322,15.935384) at t=-3.102690
err=
[ -81842926.826725, -16966012746.926329, 2290728.709318 ] 
[ -16966012746.926329, -3439588625736.432129, 451364027.225205 ] 
[ 2290728.709318, 451364027.225205, 187417.070689 ] 
vertexline variance is negative: -24696759695437.578125
ref-point=(-11.612021,-1.256073,18.561176)
pos=(-35.260360,-3.814116,56.349176) at t=44.651098
err=
[ -81842926.826725, -16966012746.926329, 2290728.709318 ] 
[ -16966012746.926329, -3439588625736.432129, 451364027.225205 ] 
[ 2290728.709318, 451364027.225205, 187417.070689 ] 
vertexline variance is negative: -4872312942050.662109
ref-point=(-11.612021,-1.256073,18.561176)
pos=(-1.108177,-0.119872,1.776942) at t=-19.832604
err=
[ -81842926.826725, -16966012746.926329, 2290728.709318 ] 
[ -16966012746.926329, -3439588625736.432129, 451364027.225205 ] 
[ 2290728.709318, 451364027.225205, 187417.070689 ] 
vertexline variance is negative: -0.000000
ref-point=(-11.612021,-1.256073,18.561176)
pos=(-11.612021,-1.256073,18.561176) at t=-0.000000
err=
[ -81842926.826725, -16966012746.926329, 2290728.709318 ] 
[ -16966012746.926329, -3439588625736.432129, 451364027.225205 ] 
[ 2290728.709318, 451364027.225205, 187417.070689 ] 
vertexline variance is negative: -0.818429
ref-point=(-11.611921,-1.256073,18.561176)
pos=(-11.612021,-1.256073,18.561176) at t=-0.000000
err=
[ -81842926.826725, -16966012746.926329, 2290728.709318 ] 
[ -16966012746.926329, -3439588625736.432129, 451364027.225205 ] 
[ 2290728.709318, 451364027.225205, 187417.070689 ] 
vertexline variance is negative: -129651.362472
ref-point=(-11.611921,-1.256073,18.561176)
pos=(-11.613730,-1.256258,18.563907) at t=0.003227
err=
[ -81842926.826725, -16966012746.926329, 2290728.709318 ] 
[ -16966012746.926329, -3439588625736.432129, 451364027.225205 ] 
[ 2290728.709318, 451364027.225205, 187417.070689 ] 
vertexline variance is negative: -128318.490117
ref-point=(-11.611921,-1.256073,18.561176)
pos=(-11.610312,-1.255889,18.558445) at t=-0.003227
err=
[ -81842926.826725, -16966012746.926329, 2290728.709318 ] 
[ -16966012746.926329, -3439588625736.432129, 451364027.225205 ] 
[ 2290728.709318, 451364027.225205, 187417.070689 ] 
vertexline variance is negative: -0.818429
ref-point=(-11.611921,-1.256073,18.561176)
pos=(-11.612021,-1.256073,18.561176) at t=-0.000000
err=
[ -81842926.826725, -16966012746.926329, 2290728.709318 ] 
[ -16966012746.926329, -3439588625736.432129, 451364027.225205 ] 
[ 2290728.709318, 451364027.225205, 187417.070689 ] 
vertexline variance is negative: -129651.362472
ref-point=(-11.611921,-1.256073,18.561176)
pos=(-11.613730,-1.256258,18.563907) at t=0.003227
err=
[ -81842926.826725, -16966012746.926329, 2290728.709318 ] 
[ -16966012746.926329, -3439588625736.432129, 451364027.225205 ] 
[ 2290728.709318, 451364027.225205, 187417.070689 ] 
vertexline variance is negative: -128318.490117
ref-point=(-11.611921,-1.256073,18.561176)
pos=(-11.610312,-1.255889,18.558445) at t=-0.003227
err=
[ -81842926.826725, -16966012746.926329, 2290728.709318 ] 
[ -16966012746.926329, -3439588625736.432129, 451364027.225205 ] 
[ 2290728.709318, 451364027.225205, 187417.070689 ] 
vertexline variance is negative: -12914903.154030
ref-point=(-11.611921,-1.256073,18.561176)
pos=(-11.629117,-1.257923,18.588495) at t=0.032281
err=
[ -81842926.826725, -16966012746.926329, 2290728.709318 ] 
[ -16966012746.926329, -3439588625736.432129, 451364027.225205 ] 
[ 2290728.709318, 451364027.225205, 187417.070689 ] 
vertexline variance is negative: -12881923.794512
ref-point=(-11.611921,-1.256073,18.561176)
pos=(-11.594937,-1.254226,18.533877) at t=-0.032256
err=
[ -81842926.826725, -16966012746.926329, 2290728.709318 ] 
[ -16966012746.926329, -3439588625736.432129, 451364027.225205 ] 
[ 2290728.709318, 451364027.225205, 187417.070689 ] 
vertexline variance is negative: -1299850168.335946
ref-point=(-11.611921,-1.256073,18.561176)
pos=(-11.783581,-1.274631,18.835314) at t=0.323927
err=
[ -81842926.826725, -16966012746.926329, 2290728.709318 ] 
[ -16966012746.926329, -3439588625736.432129, 451364027.225205 ] 
[ 2290728.709318, 451364027.225205, 187417.070689 ] 
vertexline variance is negative: -1279869740.868257
ref-point=(-11.611921,-1.256073,18.561176)
pos=(-11.441775,-1.237658,18.289139) at t=-0.321445
err=
[ -81842926.826725, -16966012746.926329, 2290728.709318 ] 
[ -16966012746.926329, -3439588625736.432129, 451364027.225205 ] 
[ 2290728.709318, 451364027.225205, 187417.070689 ] 
vertexline variance is negative: -139097972631.147400
ref-point=(-11.611921,-1.256073,18.561176)
pos=(-13.386782,-1.448050,21.397091) at t=3.350977
err=
[ -81842926.826725, -16966012746.926329, 2290728.709318 ] 
[ -16966012746.926329, -3439588625736.432129, 451364027.225205 ] 
[ 2290728.709318, 451364027.225205, 187417.070689 ] 
vertexline variance is negative: -119247778920.427368
ref-point=(-11.611921,-1.256073,18.561176)
pos=(-9.968758,-1.078322,15.935384) at t=-3.102690
err=
[ -81842926.826725, -16966012746.926329, 2290728.709318 ] 
[ -16966012746.926329, -3439588625736.432129, 451364027.225205 ] 
[ 2290728.709318, 451364027.225205, 187417.070689 ] 
vertexline variance is negative: -24696768779798.578125
ref-point=(-11.611921,-1.256073,18.561176)
pos=(-35.260360,-3.814116,56.349176) at t=44.651098
err=
[ -81842926.826725, -16966012746.926329, 2290728.709318 ] 
[ -16966012746.926329, -3439588625736.432129, 451364027.225205 ] 
[ 2290728.709318, 451364027.225205, 187417.070689 ] 
vertexline variance is negative: -4872308907066.294922
ref-point=(-11.611921,-1.256073,18.561176)
pos=(-1.108177,-0.119872,1.776942) at t=-19.832604
err=
[ -81842926.826725, -16966012746.926329, 2290728.709318 ] 
[ -16966012746.926329, -3439588625736.432129, 451364027.225205 ] 
[ 2290728.709318, 451364027.225205, 187417.070689 ] 
vertexline variance is negative: -0.818429
ref-point=(-11.611921,-1.256073,18.561176)
pos=(-11.612021,-1.256073,18.561176) at t=-0.000000
err=
[ -81842926.826725, -16966012746.926329, 2290728.709318 ] 
[ -16966012746.926329, -3439588625736.432129, 451364027.225205 ] 
[ 2290728.709318, 451364027.225205, 187417.070689 ] 
vertexline variance is negative: -0.818429
ref-point=(-11.612121,-1.256073,18.561176)
pos=(-11.612021,-1.256073,18.561176) at t=-0.000000
err=
[ -81842926.826725, -16966012746.926329, 2290728.709318 ] 
[ -16966012746.926329, -3439588625736.432129, 451364027.225205 ] 
[ 2290728.709318, 451364027.225205, 187417.070689 ] 
vertexline variance is negative: -128338.288720
ref-point=(-11.612121,-1.256073,18.561176)
pos=(-11.613730,-1.256258,18.563907) at t=0.003227
err=
[ -81842926.826725, -16966012746.926329, 2290728.709318 ] 
[ -16966012746.926329, -3439588625736.432129, 451364027.225205 ] 
[ 2290728.709318, 451364027.225205, 187417.070689 ] 
vertexline variance is negative: -129631.462840
ref-point=(-11.612121,-1.256073,18.561176)
pos=(-11.610312,-1.255889,18.558445) at t=-0.003227
err=
[ -81842926.826725, -16966012746.926329, 2290728.709318 ] 
[ -16966012746.926329, -3439588625736.432129, 451364027.225205 ] 
[ 2290728.709318, 451364027.225205, 187417.070689 ] 
vertexline variance is negative: -0.818429
ref-point=(-11.612121,-1.256073,18.561176)
pos=(-11.612021,-1.256073,18.561176) at t=-0.000000
err=
[ -81842926.826725, -16966012746.926329, 2290728.709318 ] 
[ -16966012746.926329, -3439588625736.432129, 451364027.225205 ] 
[ 2290728.709318, 451364027.225205, 187417.070689 ] 
vertexline variance is negative: -128338.288720
ref-point=(-11.612121,-1.256073,18.561176)
pos=(-11.613730,-1.256258,18.563907) at t=0.003227
err=
[ -81842926.826725, -16966012746.926329, 2290728.709318 ] 
[ -16966012746.926329, -3439588625736.432129, 451364027.225205 ] 
[ 2290728.709318, 451364027.225205, 187417.070689 ] 
vertexline variance is negative: -129631.462840
ref-point=(-11.612121,-1.256073,18.561176)
pos=(-11.610312,-1.255889,18.558445) at t=-0.003227
err=
[ -81842926.826725, -16966012746.926329, 2290728.709318 ] 
[ -16966012746.926329, -3439588625736.432129, 451364027.225205 ] 
[ 2290728.709318, 451364027.225205, 187417.070689 ] 
vertexline variance is negative: -12901767.870199
ref-point=(-11.612121,-1.256073,18.561176)
pos=(-11.629117,-1.257923,18.588495) at t=0.032281
err=
[ -81842926.826725, -16966012746.926329, 2290728.709318 ] 
[ -16966012746.926329, -3439588625736.432129, 451364027.225205 ] 
[ 2290728.709318, 451364027.225205, 187417.070689 ] 
vertexline variance is negative: -12895048.975404
ref-point=(-11.612121,-1.256073,18.561176)
pos=(-11.594937,-1.254226,18.533877) at t=-0.032256
err=
[ -81842926.826725, -16966012746.926329, 2290728.709318 ] 
[ -16966012746.926329, -3439588625736.432129, 451364027.225205 ] 
[ 2290728.709318, 451364027.225205, 187417.070689 ] 
vertexline variance is negative: -1299718360.876194
ref-point=(-11.612121,-1.256073,18.561176)
pos=(-11.783581,-1.274631,18.835314) at t=0.323927
err=
[ -81842926.826725, -16966012746.926329, 2290728.709318 ] 
[ -16966012746.926329, -3439588625736.432129, 451364027.225205 ] 
[ 2290728.709318, 451364027.225205, 187417.070689 ] 
vertexline variance is negative: -1280000538.034170
ref-point=(-11.612121,-1.256073,18.561176)
pos=(-11.441775,-1.237658,18.289139) at t=-0.321445
err=
[ -81842926.826725, -16966012746.926329, 2290728.709318 ] 
[ -16966012746.926329, -3439588625736.432129, 451364027.225205 ] 
[ 2290728.709318, 451364027.225205, 187417.070689 ] 
vertexline variance is negative: -139096609104.315369
ref-point=(-11.612121,-1.256073,18.561176)
pos=(-13.386782,-1.448050,21.397091) at t=3.350977
err=
[ -81842926.826725, -16966012746.926329, 2290728.709318 ] 
[ -16966012746.926329, -3439588625736.432129, 451364027.225205 ] 
[ 2290728.709318, 451364027.225205, 187417.070689 ] 
vertexline variance is negative: -119249041418.290359
ref-point=(-11.612121,-1.256073,18.561176)
pos=(-9.968758,-1.078322,15.935384) at t=-3.102690
err=
[ -81842926.826725, -16966012746.926329, 2290728.709318 ] 
[ -16966012746.926329, -3439588625736.432129, 451364027.225205 ] 
[ 2290728.709318, 451364027.225205, 187417.070689 ] 
vertexline variance is negative: -24696750611078.207031
ref-point=(-11.612121,-1.256073,18.561176)
pos=(-35.260360,-3.814116,56.349176) at t=44.651098
err=
[ -81842926.826725, -16966012746.926329, 2290728.709318 ] 
[ -16966012746.926329, -3439588625736.432129, 451364027.225205 ] 
[ 2290728.709318, 451364027.225205, 187417.070689 ] 
vertexline variance is negative: -4872316977036.666016
ref-point=(-11.612121,-1.256073,18.561176)
pos=(-1.108177,-0.119872,1.776942) at t=-19.832604
err=
[ -81842926.826725, -16966012746.926329, 2290728.709318 ] 
[ -16966012746.926329, -3439588625736.432129, 451364027.225205 ] 
[ 2290728.709318, 451364027.225205, 187417.070689 ] 
vertexline variance is negative: -0.818429
ref-point=(-11.612121,-1.256073,18.561176)
pos=(-11.612021,-1.256073,18.561176) at t=-0.000000
err=
[ -81842926.826725, -16966012746.926329, 2290728.709318 ] 
[ -16966012746.926329, -3439588625736.432129, 451364027.225205 ] 
[ 2290728.709318, 451364027.225205, 187417.070689 ] 
vertexline variance is negative: -34395.886251
ref-point=(-11.612021,-1.255973,18.561176)
pos=(-11.612021,-1.256073,18.561176) at t=-0.000000
err=
[ -81842926.826725, -16966012746.926329, 2290728.709318 ] 
[ -16966012746.926329, -3439588625736.432129, 451364027.225205 ] 
[ 2290728.709318, 451364027.225205, 187417.070689 ] 
vertexline variance is negative: -296612.879293
ref-point=(-11.612021,-1.255973,18.561176)
pos=(-11.613730,-1.256258,18.563907) at t=0.003227
err=
[ -81842926.826725, -16966012746.926329, 2290728.709318 ] 
[ -16966012746.926329, -3439588625736.432129, 451364027.225205 ] 
[ 2290728.709318, 451364027.225205, 187417.070689 ] 
vertexline variance is negative: -30157.308760
ref-point=(-11.612021,-1.255973,18.561176)
pos=(-11.610312,-1.255889,18.558445) at t=-0.003227
err=
[ -81842926.826725, -16966012746.926329, 2290728.709318 ] 
[ -16966012746.926329, -3439588625736.432129, 451364027.225205 ] 
[ 2290728.709318, 451364027.225205, 187417.070689 ] 
vertexline variance is negative: -34395.886251
ref-point=(-11.612021,-1.255973,18.561176)
pos=(-11.612021,-1.256073,18.561176) at t=-0.000000
err=
[ -81842926.826725, -16966012746.926329, 2290728.709318 ] 
[ -16966012746.926329, -3439588625736.432129, 451364027.225205 ] 
[ 2290728.709318, 451364027.225205, 187417.070689 ] 
vertexline variance is negative: -296612.879293
ref-point=(-11.612021,-1.255973,18.561176)
pos=(-11.613730,-1.256258,18.563907) at t=0.003227
err=
[ -81842926.826725, -16966012746.926329, 2290728.709318 ] 
[ -16966012746.926329, -3439588625736.432129, 451364027.225205 ] 
[ 2290728.709318, 451364027.225205, 187417.070689 ] 
vertexline variance is negative: -30157.308760
ref-point=(-11.612021,-1.255973,18.561176)
pos=(-11.610312,-1.255889,18.558445) at t=-0.003227
err=
[ -81842926.826725, -16966012746.926329, 2290728.709318 ] 
[ -16966012746.926329, -3439588625736.432129, 451364027.225205 ] 
[ 2290728.709318, 451364027.225205, 187417.070689 ] 
vertexline variance is negative: -14275421.702344
ref-point=(-11.612021,-1.255973,18.561176)
pos=(-11.629117,-1.257923,18.588495) at t=0.032281
err=
[ -81842926.826725, -16966012746.926329, 2290728.709318 ] 
[ -16966012746.926329, -3439588625736.432129, 451364027.225205 ] 
[ 2290728.709318, 451364027.225205, 187417.070689 ] 
vertexline variance is negative: -11591215.363168
ref-point=(-11.612021,-1.255973,18.561176)
pos=(-11.594937,-1.254226,18.533877) at t=-0.032256
err=
[ -81842926.826725, -16966012746.926329, 2290728.709318 ] 
[ -16966012746.926329, -3439588625736.432129, 451364027.225205 ] 
[ 2290728.709318, 451364027.225205, 187417.070689 ] 
vertexline variance is negative: -1313191696.278395
ref-point=(-11.612021,-1.255973,18.561176)
pos=(-11.783581,-1.274631,18.835314) at t=0.323927
err=
[ -81842926.826725, -16966012746.926329, 2290728.709318 ] 
[ -16966012746.926329, -3439588625736.432129, 451364027.225205 ] 
[ 2290728.709318, 451364027.225205, 187417.070689 ] 
vertexline variance is negative: -1266699001.190908
ref-point=(-11.612021,-1.255973,18.561176)
pos=(-11.441775,-1.237658,18.289139) at t=-0.321445
err=
[ -81842926.826725, -16966012746.926329, 2290728.709318 ] 
[ -16966012746.926329, -3439588625736.432129, 451364027.225205 ] 
[ 2290728.709318, 451364027.225205, 187417.070689 ] 
vertexline variance is negative: -139235667161.434601
ref-point=(-11.612021,-1.255973,18.561176)
pos=(-13.386782,-1.448050,21.397091) at t=3.350977
err=
[ -81842926.826725, -16966012746.926329, 2290728.709318 ] 
[ -16966012746.926329, -3439588625736.432129, 451364027.225205 ] 
[ 2290728.709318, 451364027.225205, 187417.070689 ] 
vertexline variance is negative: -119120352951.348923
ref-point=(-11.612021,-1.255973,18.561176)
pos=(-9.968758,-1.078322,15.935384) at t=-3.102690
err=
[ -81842926.826725, -16966012746.926329, 2290728.709318 ] 
[ -16966012746.926329, -3439588625736.432129, 451364027.225205 ] 
[ 2290728.709318, 451364027.225205, 187417.070689 ] 
vertexline variance is negative: -24698603107765.210938
ref-point=(-11.612021,-1.255973,18.561176)
pos=(-35.260360,-3.814116,56.349176) at t=44.651098
err=
[ -81842926.826725, -16966012746.926329, 2290728.709318 ] 
[ -16966012746.926329, -3439588625736.432129, 451364027.225205 ] 
[ 2290728.709318, 451364027.225205, 187417.070689 ] 
vertexline variance is negative: -4871494206330.189453
ref-point=(-11.612021,-1.255973,18.561176)
pos=(-1.108177,-0.119872,1.776942) at t=-19.832604
err=
[ -81842926.826725, -16966012746.926329, 2290728.709318 ] 
[ -16966012746.926329, -3439588625736.432129, 451364027.225205 ] 
[ 2290728.709318, 451364027.225205, 187417.070689 ] 
vertexline variance is negative: -34395.886251
ref-point=(-11.612021,-1.255973,18.561176)
pos=(-11.612021,-1.256073,18.561176) at t=-0.000000
err=
[ -81842926.826725, -16966012746.926329, 2290728.709318 ] 
[ -16966012746.926329, -3439588625736.432129, 451364027.225205 ] 
[ 2290728.709318, 451364027.225205, 187417.070689 ] 
vertexline variance is negative: -34395.886263
ref-point=(-11.612021,-1.256173,18.561176)
pos=(-11.612021,-1.256073,18.561176) at t=-0.000000
err=
[ -81842926.826725, -16966012746.926329, 2290728.709318 ] 
[ -16966012746.926329, -3439588625736.432129, 451364027.225205 ] 
[ 2290728.709318, 451364027.225205, 187417.070689 ] 
vertexline variance is negative: -30166.907555
ref-point=(-11.612021,-1.256173,18.561176)
pos=(-11.613730,-1.256258,18.563907) at t=0.003227
err=
[ -81842926.826725, -16966012746.926329, 2290728.709318 ] 
[ -16966012746.926329, -3439588625736.432129, 451364027.225205 ] 
[ 2290728.709318, 451364027.225205, 187417.070689 ] 
vertexline variance is negative: -296582.779853
ref-point=(-11.612021,-1.256173,18.561176)
pos=(-11.610312,-1.255889,18.558445) at t=-0.003227
err=
[ -81842926.826725, -16966012746.926329, 2290728.709318 ] 
[ -16966012746.926329, -3439588625736.432129, 451364027.225205 ] 
[ 2290728.709318, 451364027.225205, 187417.070689 ] 
vertexline variance is negative: -34395.886263
ref-point=(-11.612021,-1.256173,18.561176)
pos=(-11.612021,-1.256073,18.561176) at t=-0.000000
err=
[ -81842926.826725, -16966012746.926329, 2290728.709318 ] 
[ -16966012746.926329, -3439588625736.432129, 451364027.225205 ] 
[ 2290728.709318, 451364027.225205, 187417.070689 ] 
vertexline variance is negative: -30166.907555
ref-point=(-11.612021,-1.256173,18.561176)
pos=(-11.613730,-1.256258,18.563907) at t=0.003227
err=
[ -81842926.826725, -16966012746.926329, 2290728.709318 ] 
[ -16966012746.926329, -3439588625736.432129, 451364027.225205 ] 
[ 2290728.709318, 451364027.225205, 187417.070689 ] 
vertexline variance is negative: -296582.779853
ref-point=(-11.612021,-1.256173,18.561176)
pos=(-11.610312,-1.255889,18.558445) at t=-0.003227
err=
[ -81842926.826725, -16966012746.926329, 2290728.709318 ] 
[ -16966012746.926329, -3439588625736.432129, 451364027.225205 ] 
[ 2290728.709318, 451364027.225205, 187417.070689 ] 
vertexline variance is negative: -11610039.457541
ref-point=(-11.612021,-1.256173,18.561176)
pos=(-11.629117,-1.257923,18.588495) at t=0.032281
err=
[ -81842926.826725, -16966012746.926329, 2290728.709318 ] 
[ -16966012746.926329, -3439588625736.432129, 451364027.225205 ] 
[ 2290728.709318, 451364027.225205, 187417.070689 ] 
vertexline variance is negative: -14254547.542405
ref-point=(-11.612021,-1.256173,18.561176)
pos=(-11.594937,-1.254226,18.533877) at t=-0.032256
err=
[ -81842926.826725, -16966012746.926329, 2290728.709318 ] 
[ -16966012746.926329, -3439588625736.432129, 451364027.225205 ] 
[ 2290728.709318, 451364027.225205, 187417.070689 ] 
vertexline variance is negative: -1286445623.069402
ref-point=(-11.612021,-1.256173,18.561176)
pos=(-11.783581,-1.274631,18.835314) at t=0.323927
err=
[ -81842926.826725, -16966012746.926329, 2290728.709318 ] 
[ -16966012746.926329, -3439588625736.432129, 451364027.225205 ] 
[ 2290728.709318, 451364027.225205, 187417.070689 ] 
vertexline variance is negative: -1293240067.847175
ref-point=(-11.612021,-1.256173,18.561176)
pos=(-11.441775,-1.237658,18.289139) at t=-0.321445
err=
[ -81842926.826725, -16966012746.926329, 2290728.709318 ] 
[ -16966012746.926329, -3439588625736.432129, 451364027.225205 ] 
[ 2290728.709318, 451364027.225205, 187417.070689 ] 
vertexline variance is negative: -138958983364.163818
ref-point=(-11.612021,-1.256173,18.561176)
pos=(-13.386782,-1.448050,21.397091) at t=3.350977
err=
[ -81842926.826725, -16966012746.926329, 2290728.709318 ] 
[ -16966012746.926329, -3439588625736.432129, 451364027.225205 ] 
[ 2290728.709318, 451364027.225205, 187417.070689 ] 
vertexline variance is negative: -119376536177.504440
ref-point=(-11.612021,-1.256173,18.561176)
pos=(-9.968758,-1.078322,15.935384) at t=-3.102690
err=
[ -81842926.826725, -16966012746.926329, 2290728.709318 ] 
[ -16966012746.926329, -3439588625736.432129, 451364027.225205 ] 
[ 2290728.709318, 451364027.225205, 187417.070689 ] 
vertexline variance is negative: -24694916351901.707031
ref-point=(-11.612021,-1.256173,18.561176)
pos=(-35.260360,-3.814116,56.349176) at t=44.651098
err=
[ -81842926.826725, -16966012746.926329, 2290728.709318 ] 
[ -16966012746.926329, -3439588625736.432129, 451364027.225205 ] 
[ 2290728.709318, 451364027.225205, 187417.070689 ] 
vertexline variance is negative: -4873131746562.908203
ref-point=(-11.612021,-1.256173,18.561176)
pos=(-1.108177,-0.119872,1.776942) at t=-19.832604
err=
[ -81842926.826725, -16966012746.926329, 2290728.709318 ] 
[ -16966012746.926329, -3439588625736.432129, 451364027.225205 ] 
[ 2290728.709318, 451364027.225205, 187417.070689 ] 
vertexline variance is negative: -34395.886263
ref-point=(-11.612021,-1.256173,18.561176)
pos=(-11.612021,-1.256073,18.561176) at t=-0.000000
err=
[ -81842926.826725, -16966012746.926329, 2290728.709318 ] 
[ -16966012746.926329, -3439588625736.432129, 451364027.225205 ] 
[ 2290728.709318, 451364027.225205, 187417.070689 ] 
vertexline variance is negative: -1288.111866
ref-point=(-11.612021,-1.256073,18.561276)
pos=(-11.612191,-1.256092,18.561449) at t=0.000323
err=
[ -81842926.826725, -16966012746.926329, 2290728.709318 ] 
[ -16966012746.926329, -3439588625736.432129, 451364027.225205 ] 
[ 2290728.709318, 451364027.225205, 187417.070689 ] 
vertexline variance is negative: -1291.565811
ref-point=(-11.612021,-1.256073,18.561276)
pos=(-11.611850,-1.256055,18.560903) at t=-0.000323
err=
[ -81842926.826725, -16966012746.926329, 2290728.709318 ] 
[ -16966012746.926329, -3439588625736.432129, 451364027.225205 ] 
[ 2290728.709318, 451364027.225205, 187417.070689 ] 
vertexline variance is negative: -1288.111973
ref-point=(-11.612021,-1.256073,18.561276)
pos=(-11.612191,-1.256092,18.561449) at t=0.000323
err=
[ -81842926.826725, -16966012746.926329, 2290728.709318 ] 
[ -16966012746.926329, -3439588625736.432129, 451364027.225205 ] 
[ 2290728.709318, 451364027.225205, 187417.070689 ] 
vertexline variance is negative: -1291.565913
ref-point=(-11.612021,-1.256073,18.561276)
pos=(-11.611850,-1.256055,18.560903) at t=-0.000323
err=
[ -81842926.826725, -16966012746.926329, 2290728.709318 ] 
[ -16966012746.926329, -3439588625736.432129, 451364027.225205 ] 
[ 2290728.709318, 451364027.225205, 187417.070689 ] 
vertexline variance is negative: -1291.585669
ref-point=(-11.612021,-1.256073,18.561076)
pos=(-11.612191,-1.256092,18.561449) at t=0.000323
err=
[ -81842926.826725, -16966012746.926329, 2290728.709318 ] 
[ -16966012746.926329, -3439588625736.432129, 451364027.225205 ] 
[ 2290728.709318, 451364027.225205, 187417.070689 ] 
vertexline variance is negative: -1288.092034
ref-point=(-11.612021,-1.256073,18.561076)
pos=(-11.611850,-1.256055,18.560903) at t=-0.000323
err=
[ -81842926.826725, -16966012746.926329, 2290728.709318 ] 
[ -16966012746.926329, -3439588625736.432129, 451364027.225205 ] 
[ 2290728.709318, 451364027.225205, 187417.070689 ] 
vertexline variance is negative: -1291.585776
ref-point=(-11.612021,-1.256073,18.561076)
pos=(-11.612191,-1.256092,18.561449) at t=0.000323
err=
[ -81842926.826725, -16966012746.926329, 2290728.709318 ] 
[ -16966012746.926329, -3439588625736.432129, 451364027.225205 ] 
[ 2290728.709318, 451364027.225205, 187417.070689 ] 
vertexline variance is negative: -1288.092137
ref-point=(-11.612021,-1.256073,18.561076)
pos=(-11.611850,-1.256055,18.560903) at t=-0.000323
err=
[ -81842926.826725, -16966012746.926329, 2290728.709318 ] 
[ -16966012746.926329, -3439588625736.432129, 451364027.225205 ] 
[ 2290728.709318, 451364027.225205, 187417.070689 ] 
vertexline variance is negative: -1288.111866
ref-point=(-11.612021,-1.256073,18.561276)
pos=(-11.612191,-1.256092,18.561449) at t=0.000323
err=
[ -81842926.826725, -16966012746.926329, 2290728.709318 ] 
[ -16966012746.926329, -3439588625736.432129, 451364027.225205 ] 
[ 2290728.709318, 451364027.225205, 187417.070689 ] 
vertexline variance is negative: -1291.565811
ref-point=(-11.612021,-1.256073,18.561276)
pos=(-11.611850,-1.256055,18.560903) at t=-0.000323
err=
[ -81842926.826725, -16966012746.926329, 2290728.709318 ] 
[ -16966012746.926329, -3439588625736.432129, 451364027.225205 ] 
[ 2290728.709318, 451364027.225205, 187417.070689 ] 
vertexline variance is negative: -1288.111973
ref-point=(-11.612021,-1.256073,18.561276)
pos=(-11.612191,-1.256092,18.561449) at t=0.000323
err=
[ -81842926.826725, -16966012746.926329, 2290728.709318 ] 
[ -16966012746.926329, -3439588625736.432129, 451364027.225205 ] 
[ 2290728.709318, 451364027.225205, 187417.070689 ] 
vertexline variance is negative: -1291.565913
ref-point=(-11.612021,-1.256073,18.561276)
pos=(-11.611850,-1.256055,18.560903) at t=-0.000323
err=
[ -81842926.826725, -16966012746.926329, 2290728.709318 ] 
[ -16966012746.926329, -3439588625736.432129, 451364027.225205 ] 
[ 2290728.709318, 451364027.225205, 187417.070689 ] 
vertexline variance is negative: -1281.119280
ref-point=(-11.612021,-1.256073,18.561676)
pos=(-11.612191,-1.256092,18.561449) at t=0.000323
err=
[ -81842926.826725, -16966012746.926329, 2290728.709318 ] 
[ -16966012746.926329, -3439588625736.432129, 451364027.225205 ] 
[ 2290728.709318, 451364027.225205, 187417.070689 ] 
vertexline variance is negative: -1298.468383
ref-point=(-11.612021,-1.256073,18.561676)
pos=(-11.611850,-1.256055,18.560903) at t=-0.000323
err=
[ -81842926.826725, -16966012746.926329, 2290728.709318 ] 
[ -16966012746.926329, -3439588625736.432129, 451364027.225205 ] 
[ 2290728.709318, 451364027.225205, 187417.070689 ] 
vertexline variance is negative: -1281.119386
ref-point=(-11.612021,-1.256073,18.561676)
pos=(-11.612191,-1.256092,18.561449) at t=0.000323
err=
[ -81842926.826725, -16966012746.926329, 2290728.709318 ] 
[ -16966012746.926329, -3439588625736.432129, 451364027.225205 ] 
[ 2290728.709318, 451364027.225205, 187417.070689 ] 
vertexline variance is negative: -1298.468486
ref-point=(-11.612021,-1.256073,18.561676)
pos=(-11.611850,-1.256055,18.560903) at t=-0.000323
err=
[ -81842926.826725, -16966012746.926329, 2290728.709318 ] 
[ -16966012746.926329, -3439588625736.432129, 451364027.225205 ] 
[ 2290728.709318, 451364027.225205, 187417.070689 ] 
vertexline variance is negative: -1284.623070
ref-point=(-11.612021,-1.256073,18.561476)
pos=(-11.612191,-1.256092,18.561449) at t=0.000323
err=
[ -81842926.826725, -16966012746.926329, 2290728.709318 ] 
[ -16966012746.926329, -3439588625736.432129, 451364027.225205 ] 
[ 2290728.709318, 451364027.225205, 187417.070689 ] 
vertexline variance is negative: -1295.024594
ref-point=(-11.612021,-1.256073,18.561476)
pos=(-11.611850,-1.256055,18.560903) at t=-0.000323
err=
[ -81842926.826725, -16966012746.926329, 2290728.709318 ] 
[ -16966012746.926329, -3439588625736.432129, 451364027.225205 ] 
[ 2290728.709318, 451364027.225205, 187417.070689 ] 
vertexline variance is negative: -1284.623176
ref-point=(-11.612021,-1.256073,18.561476)
pos=(-11.612191,-1.256092,18.561449) at t=0.000323
err=
[ -81842926.826725, -16966012746.926329, 2290728.709318 ] 
[ -16966012746.926329, -3439588625736.432129, 451364027.225205 ] 
[ 2290728.709318, 451364027.225205, 187417.070689 ] 
vertexline variance is negative: -1295.024696
ref-point=(-11.612021,-1.256073,18.561476)
pos=(-11.611850,-1.256055,18.560903) at t=-0.000323
err=
[ -81842926.826725, -16966012746.926329, 2290728.709318 ] 
[ -16966012746.926329, -3439588625736.432129, 451364027.225205 ] 
[ 2290728.709318, 451364027.225205, 187417.070689 ] 
vertexline variance is negative: -1289.850665
ref-point=(-11.612021,-1.256073,18.561176)
pos=(-11.612191,-1.256092,18.561449) at t=0.000323
err=
[ -81842926.826725, -16966012746.926329, 2290728.709318 ] 
[ -16966012746.926329, -3439588625736.432129, 451364027.225205 ] 
[ 2290728.709318, 451364027.225205, 187417.070689 ] 
vertexline variance is negative: -1289.830774
ref-point=(-11.612021,-1.256073,18.561176)
pos=(-11.611850,-1.256055,18.560903) at t=-0.000323
err=
[ -81842926.826725, -16966012746.926329, 2290728.709318 ] 
[ -16966012746.926329, -3439588625736.432129, 451364027.225205 ] 
[ 2290728.709318, 451364027.225205, 187417.070689 ] 
vertexline variance is negative: -1289.850771
ref-point=(-11.612021,-1.256073,18.561176)
pos=(-11.612191,-1.256092,18.561449) at t=0.000323
err=
[ -81842926.826725, -16966012746.926329, 2290728.709318 ] 
[ -16966012746.926329, -3439588625736.432129, 451364027.225205 ] 
[ 2290728.709318, 451364027.225205, 187417.070689 ] 
vertexline variance is negative: -1289.830876
ref-point=(-11.612021,-1.256073,18.561176)
pos=(-11.611850,-1.256055,18.560903) at t=-0.000323
err=
[ -81842926.826725, -16966012746.926329, 2290728.709318 ] 
[ -16966012746.926329, -3439588625736.432129, 451364027.225205 ] 
[ 2290728.709318, 451364027.225205, 187417.070689 ] 
vertexline variance is negative: -0.008184
ref-point=(-11.612011,-1.256073,18.561176)
pos=(-11.612021,-1.256073,18.561176) at t=-0.000000
err=
[ -81842926.826725, -16966012746.926329, 2290728.709318 ] 
[ -16966012746.926329, -3439588625736.432129, 451364027.225205 ] 
[ 2290728.709318, 451364027.225205, 187417.070689 ] 
vertexline variance is negative: -129059.669267
ref-point=(-11.612011,-1.256073,18.561176)
pos=(-11.613730,-1.256258,18.563907) at t=0.003227
err=
[ -81842926.826725, -16966012746.926329, 2290728.709318 ] 
[ -16966012746.926329, -3439588625736.432129, 451364027.225205 ] 
[ 2290728.709318, 451364027.225205, 187417.070689 ] 
vertexline variance is negative: -128908.517369
ref-point=(-11.612011,-1.256073,18.561176)
pos=(-11.610312,-1.255889,18.558445) at t=-0.003227
err=
[ -81842926.826725, -16966012746.926329, 2290728.709318 ] 
[ -16966012746.926329, -3439588625736.432129, 451364027.225205 ] 
[ 2290728.709318, 451364027.225205, 187417.070689 ] 
vertexline variance is negative: -0.008184
ref-point=(-11.612011,-1.256073,18.561176)
pos=(-11.612021,-1.256073,18.561176) at t=-0.000000
err=
[ -81842926.826725, -16966012746.926329, 2290728.709318 ] 
[ -16966012746.926329, -3439588625736.432129, 451364027.225205 ] 
[ 2290728.709318, 451364027.225205, 187417.070689 ] 
vertexline variance is negative: -129059.669267
ref-point=(-11.612011,-1.256073,18.561176)
pos=(-11.613730,-1.256258,18.563907) at t=0.003227
err=
[ -81842926.826725, -16966012746.926329, 2290728.709318 ] 
[ -16966012746.926329, -3439588625736.432129, 451364027.225205 ] 
[ 2290728.709318, 451364027.225205, 187417.070689 ] 
vertexline variance is negative: -128908.517369
ref-point=(-11.612011,-1.256073,18.561176)
pos=(-11.610312,-1.255889,18.558445) at t=-0.003227
err=
[ -81842926.826725, -16966012746.926329, 2290728.709318 ] 
[ -16966012746.926329, -3439588625736.432129, 451364027.225205 ] 
[ 2290728.709318, 451364027.225205, 187417.070689 ] 
vertexline variance is negative: -12908991.468346
ref-point=(-11.612011,-1.256073,18.561176)
pos=(-11.629117,-1.257923,18.588495) at t=0.032281
err=
[ -81842926.826725, -16966012746.926329, 2290728.709318 ] 
[ -16966012746.926329, -3439588625736.432129, 451364027.225205 ] 
[ 2290728.709318, 451364027.225205, 187417.070689 ] 
vertexline variance is negative: -12887829.313386
ref-point=(-11.612011,-1.256073,18.561176)
pos=(-11.594937,-1.254226,18.533877) at t=-0.032256
err=
[ -81842926.826725, -16966012746.926329, 2290728.709318 ] 
[ -16966012746.926329, -3439588625736.432129, 451364027.225205 ] 
[ 2290728.709318, 451364027.225205, 187417.070689 ] 
vertexline variance is negative: -1299790854.191742
ref-point=(-11.612011,-1.256073,18.561176)
pos=(-11.783581,-1.274631,18.835314) at t=0.323927
err=
[ -81842926.826725, -16966012746.926329, 2290728.709318 ] 
[ -16966012746.926329, -3439588625736.432129, 451364027.225205 ] 
[ 2290728.709318, 451364027.225205, 187417.070689 ] 
vertexline variance is negative: -1279928598.759919
ref-point=(-11.612011,-1.256073,18.561176)
pos=(-11.441775,-1.237658,18.289139) at t=-0.321445
err=
[ -81842926.826725, -16966012746.926329, 2290728.709318 ] 
[ -16966012746.926329, -3439588625736.432129, 451364027.225205 ] 
[ 2290728.709318, 451364027.225205, 187417.070689 ] 
vertexline variance is negative: -139097359043.499939
ref-point=(-11.612011,-1.256073,18.561176)
pos=(-13.386782,-1.448050,21.397091) at t=3.350977
err=
[ -81842926.826725, -16966012746.926329, 2290728.709318 ] 
[ -16966012746.926329, -3439588625736.432129, 451364027.225205 ] 
[ 2290728.709318, 451364027.225205, 187417.070689 ] 
vertexline variance is negative: -119248347043.435822
ref-point=(-11.612011,-1.256073,18.561176)
pos=(-9.968758,-1.078322,15.935384) at t=-3.102690
err=
[ -81842926.826725, -16966012746.926329, 2290728.709318 ] 
[ -16966012746.926329, -3439588625736.432129, 451364027.225205 ] 
[ 2290728.709318, 451364027.225205, 187417.070689 ] 
vertexline variance is negative: -24696760603876.761719
ref-point=(-11.612011,-1.256073,18.561176)
pos=(-35.260360,-3.814116,56.349176) at t=44.651098
err=
[ -81842926.826725, -16966012746.926329, 2290728.709318 ] 
[ -16966012746.926329, -3439588625736.432129, 451364027.225205 ] 
[ 2290728.709318, 451364027.225205, 187417.070689 ] 
vertexline variance is negative: -4872312538550.749023
ref-point=(-11.612011,-1.256073,18.561176)
pos=(-1.108177,-0.119872,1.776942) at t=-19.832604
err=
[ -81842926.826725, -16966012746.926329, 2290728.709318 ] 
[ -16966012746.926329, -3439588625736.432129, 451364027.225205 ] 
[ 2290728.709318, 451364027.225205, 187417.070689 ] 
vertexline variance is negative: -0.008184
ref-point=(-11.612011,-1.256073,18.561176)
pos=(-11.612021,-1.256073,18.561176) at t=-0.000000
err=
[ -81842926.826725, -16966012746.926329, 2290728.709318 ] 
[ -16966012746.926329, -3439588625736.432129, 451364027.225205 ] 
[ 2290728.709318, 451364027.225205, 187417.070689 ] 
vertexline variance is negative: -0.008184
ref-point=(-11.612031,-1.256073,18.561176)
pos=(-11.612021,-1.256073,18.561176) at t=-0.000000
err=
[ -81842926.826725, -16966012746.926329, 2290728.709318 ] 
[ -16966012746.926329, -3439588625736.432129, 451364027.225205 ] 
[ 2290728.709318, 451364027.225205, 187417.070689 ] 
vertexline variance is negative: -128928.361892
ref-point=(-11.612031,-1.256073,18.561176)
pos=(-11.613730,-1.256258,18.563907) at t=0.003227
err=
[ -81842926.826725, -16966012746.926329, 2290728.709318 ] 
[ -16966012746.926329, -3439588625736.432129, 451364027.225205 ] 
[ 2290728.709318, 451364027.225205, 187417.070689 ] 
vertexline variance is negative: -129039.814641
ref-point=(-11.612031,-1.256073,18.561176)
pos=(-11.610312,-1.255889,18.558445) at t=-0.003227
err=
[ -81842926.826725, -16966012746.926329, 2290728.709318 ] 
[ -16966012746.926329, -3439588625736.432129, 451364027.225205 ] 
[ 2290728.709318, 451364027.225205, 187417.070689 ] 
vertexline variance is negative: -0.008184
