Error in <TSystem::ExpandFileName>: input: $HOME/.root.mimes, output: $HOME/.root.mimes
Info in <TGeoManager::TGeoManager>: Geometry default, Detector Geometry created
Info in <TGeoManager::SetTopVolume>: Top volume is world_volume. Master volume is world_volume
Info in <TGeoNavigator::BuildCache>: --- Maximum geometry depth set to 100
++++++++++++++++++++++++++++++++++++++++++++++++++++++++++++++++++++++++++++++++++++++++++++++++++++++++++++++++++++++++++++++
++  The usage of the factory: "Beampipe_o1_v01" is DEPRECATED due to naming conventions.                                    ++
++  Please use "DD4hep_Beampipe_o1_v01" instead.                                                                            ++
++++++++++++++++++++++++++++++++++++++++++++++++++++++++++++++++++++++++++++++++++++++++++++++++++++++++++++++++++++++++++++++
Info in <TGeoManager::CheckGeometry>: Fixing runtime shapes...
Info in <TGeoManager::CheckGeometry>: ...Nothing to fix
Info in <TGeoManager::CloseGeometry>: Counting nodes...
Info in <TGeoManager::Voxelize>: Voxelizing...
Info in <TGeoManager::CloseGeometry>: Building cache...
Info in <TGeoManager::CountLevels>: max level = 5, max placements = 1044
Info in <TGeoManager::CloseGeometry>: 411734 nodes/ 5904 volume UID's in Detector Geometry
Info in <TGeoManager::CloseGeometry>: ----------------modeler ready----------------
Error in <TDecompLU::InvertLU>: matrix is singular, 1 diag elements < tolerance of 1.1921e-07
Error in <TDecompLU::InvertLU>: matrix is singular, 1 diag elements < tolerance of 1.1921e-07
vertexline variance is negative: -46.381322
ref-point=(-0.004214,-0.000432,0.347176)
pos=(-0.005492,-0.000256,0.833998) at t=0.493347
err=
[ 75484.145116, -3289656.283714, 372.571399 ] 
[ -3289656.283714, 137654213.395615, 33268.939735 ] 
[ 372.571399, 33268.939735, -242.432578 ] 
vertexline variance is negative: -46.395705
ref-point=(-0.004214,-0.000432,0.347176)
pos=(-0.005493,-0.000256,0.834071) at t=0.493420
err=
[ 75478.716877, -3289419.706523, 372.544507 ] 
[ -3289419.706523, 137644317.113769, 33266.521107 ] 
[ 372.544507, 33266.521107, -242.414994 ] 
vertexline variance is negative: -46.366995
ref-point=(-0.004214,-0.000432,0.347176)
pos=(-0.005492,-0.000256,0.833925) at t=0.493274
err=
[ 75489.553379, -3289891.990344, 372.598192 ] 
[ -3289891.990344, 137664073.260441, 33271.349466 ] 
[ 372.598192, 33271.349466, -242.450098 ] 
vertexline variance is negative: -46.381322
ref-point=(-0.004214,-0.000432,0.347176)
pos=(-0.005492,-0.000256,0.833998) at t=0.493347
err=
[ 75484.145116, -3289656.283714, 372.571399 ] 
[ -3289656.283714, 137654213.395615, 33268.939735 ] 
[ 372.571399, 33268.939735, -242.432578 ] 
vertexline variance is negative: -46.395705
ref-point=(-0.004214,-0.000432,0.347176)
pos=(-0.005493,-0.000256,0.834071) at t=0.493420
err=
[ 75478.716877, -3289419.706523, 372.544507 ] 
[ -3289419.706523, 137644317.113769, 33266.521107 ] 
[ 372.544507, 33266.521107, -242.414994 ] 
vertexline variance is negative: -46.366995
ref-point=(-0.004214,-0.000432,0.347176)
pos=(-0.005492,-0.000256,0.833925) at t=0.493274
err=
[ 75489.553379, -3289891.990344, 372.598192 ] 
[ -3289891.990344, 137664073.260441, 33271.349466 ] 
[ 372.598192, 33271.349466, -242.450098 ] 
vertexline variance is negative: -46.527662
ref-point=(-0.004214,-0.000432,0.347176)
pos=(-0.005496,-0.000256,0.834743) at t=0.494092
err=
[ 75428.965316, -3287251.400044, 372.298035 ] 
[ -3287251.400044, 137553614.468292, 33244.353779 ] 
[ 372.298035, 33244.353779, -242.253827 ] 
vertexline variance is negative: -46.240552
ref-point=(-0.004214,-0.000432,0.347176)
pos=(-0.005488,-0.000256,0.833282) at t=0.492630
err=
[ 75537.327438, -3291974.112097, 372.834868 ] 
[ -3291974.112097, 137751170.659336, 33292.636064 ] 
[ 372.834868, 33292.636064, -242.604860 ] 
vertexline variance is negative: -48.096793
ref-point=(-0.004214,-0.000432,0.347176)
pos=(-0.005540,-0.000258,0.842702) at t=0.502051
err=
[ 74844.030246, -3261758.370503, 369.400330 ] 
[ -3261758.370503, 136487210.084157, 32983.753768 ] 
[ 369.400330, 32983.753768, -240.359113 ] 
vertexline variance is negative: -45.223049
ref-point=(-0.004214,-0.000432,0.347176)
pos=(-0.005460,-0.000255,0.828092) at t=0.487441
err=
[ 75924.762979, -3308859.597585, 374.754295 ] 
[ -3308859.597585, 138457507.408663, 33465.275864 ] 
[ 374.754295, 33465.275864, -243.860007 ] 
vertexline variance is negative: -90.728809
ref-point=(-0.004214,-0.000432,0.347176)
pos=(-0.006664,-0.000310,1.046945) at t=0.706297
err=
[ 62422.601324, -2720403.538306, 307.905356 ] 
[ -2720403.538306, 113840414.632681, 27460.160585 ] 
[ 307.905356, 27460.160585, -200.183576 ] 
vertexline variance is negative: -59.797716
ref-point=(-0.004214,-0.000432,0.347176)
pos=(-0.005860,-0.000273,0.900846) at t=0.560196
err=
[ 70831.563098, -3086884.830982, 349.527506 ] 
[ -3086884.830982, 129171892.932674, 31197.309401 ] 
[ 349.527506, 31197.309401, -227.368815 ] 
vertexline variance is negative: -3863.805524
ref-point=(-0.004214,-0.000432,0.347176)
pos=(-0.086430,-0.003991,15.547077) at t=15.206648
err=
[ 4883.418477, -212814.360350, 24.020421 ] 
[ -212814.360350, 8907781.953928, 2130.465413 ] 
[ 24.020421, 2130.465413, -15.558383 ] 
vertexline variance is negative: -3479.247762
ref-point=(-0.004214,-0.000432,0.347176)
pos=(-0.078400,-0.003621,14.087433) at t=13.746983
err=
[ 5382.891677, -234580.956735, 26.477857 ] 
[ -234580.956735, 9818846.964165, 2348.537266 ] 
[ 26.477857, 2348.537266, -17.150658 ] 
vertexline variance is negative: -46.381322
ref-point=(-0.004214,-0.000432,0.347176)
pos=(-0.005492,-0.000256,0.833998) at t=0.493347
err=
[ 75484.145116, -3289656.283714, 372.571399 ] 
[ -3289656.283714, 137654213.395615, 33268.939735 ] 
[ 372.571399, 33268.939735, -242.432578 ] 
vertexline variance is negative: -46.281974
ref-point=(-0.004114,-0.000432,0.347176)
pos=(-0.005492,-0.000256,0.833998) at t=0.493347
err=
[ 75484.145116, -3289656.283714, 372.571399 ] 
[ -3289656.283714, 137654213.395615, 33268.939735 ] 
[ 372.571399, 33268.939735, -242.432578 ] 
vertexline variance is negative: -46.296376
ref-point=(-0.004114,-0.000432,0.347176)
pos=(-0.005493,-0.000256,0.834071) at t=0.493420
err=
[ 75478.716877, -3289419.706523, 372.544507 ] 
[ -3289419.706523, 137644317.113769, 33266.521107 ] 
[ 372.544507, 33266.521107, -242.414994 ] 
vertexline variance is negative: -46.267628
ref-point=(-0.004114,-0.000432,0.347176)
pos=(-0.005492,-0.000256,0.833925) at t=0.493274
err=
[ 75489.553379, -3289891.990344, 372.598192 ] 
[ -3289891.990344, 137664073.260441, 33271.349466 ] 
[ 372.598192, 33271.349466, -242.450098 ] 
vertexline variance is negative: -46.281974
ref-point=(-0.004114,-0.000432,0.347176)
pos=(-0.005492,-0.000256,0.833998) at t=0.493347
err=
[ 75484.145116, -3289656.283714, 372.571399 ] 
[ -3289656.283714, 137654213.395615, 33268.939735 ] 
[ 372.571399, 33268.939735, -242.432578 ] 
vertexline variance is negative: -46.296376
ref-point=(-0.004114,-0.000432,0.347176)
pos=(-0.005493,-0.000256,0.834071) at t=0.493420
err=
[ 75478.716877, -3289419.706523, 372.544507 ] 
[ -3289419.706523, 137644317.113769, 33266.521107 ] 
[ 372.544507, 33266.521107, -242.414994 ] 
vertexline variance is negative: -46.267628
ref-point=(-0.004114,-0.000432,0.347176)
pos=(-0.005492,-0.000256,0.833925) at t=0.493274
err=
[ 75489.553379, -3289891.990344, 372.598192 ] 
[ -3289891.990344, 137664073.260441, 33271.349466 ] 
[ 372.598192, 33271.349466, -242.450098 ] 
vertexline variance is negative: -46.428504
ref-point=(-0.004114,-0.000432,0.347176)
pos=(-0.005496,-0.000256,0.834743) at t=0.494092
err=
[ 75428.965316, -3287251.400044, 372.298035 ] 
[ -3287251.400044, 137553614.468292, 33244.353779 ] 
[ 372.298035, 33244.353779, -242.253827 ] 
vertexline variance is negative: -46.141020
ref-point=(-0.004114,-0.000432,0.347176)
pos=(-0.005488,-0.000256,0.833282) at t=0.492630
err=
[ 75537.327438, -3291974.112097, 372.834868 ] 
[ -3291974.112097, 137751170.659336, 33292.636064 ] 
[ 372.834868, 33292.636064, -242.604860 ] 
vertexline variance is negative: -47.999654
ref-point=(-0.004114,-0.000432,0.347176)
pos=(-0.005540,-0.000258,0.842702) at t=0.502051
err=
[ 74844.030246, -3261758.370503, 369.400330 ] 
[ -3261758.370503, 136487210.084157, 32983.753768 ] 
[ 369.400330, 32983.753768, -240.359113 ] 
vertexline variance is negative: -45.122180
ref-point=(-0.004114,-0.000432,0.347176)
pos=(-0.005460,-0.000255,0.828092) at t=0.487441
err=
[ 75924.762979, -3308859.597585, 374.754295 ] 
[ -3308859.597585, 138457507.408663, 33465.275864 ] 
[ 374.754295, 33465.275864, -243.860007 ] 
vertexline variance is negative: -90.674532
ref-point=(-0.004114,-0.000432,0.347176)
pos=(-0.006664,-0.000310,1.046945) at t=0.706297
err=
[ 62422.601324, -2720403.538306, 307.905356 ] 
[ -2720403.538306, 113840414.632681, 27460.160585 ] 
[ 307.905356, 27460.160585, -200.183576 ] 
vertexline variance is negative: -59.714423
ref-point=(-0.004114,-0.000432,0.347176)
pos=(-0.005860,-0.000273,0.900846) at t=0.560196
err=
[ 70831.563098, -3086884.830982, 349.527506 ] 
[ -3086884.830982, 129171892.932674, 31197.309401 ] 
[ 349.527506, 31197.309401, -227.368815 ] 
vertexline variance is negative: -3863.949684
ref-point=(-0.004114,-0.000432,0.347176)
pos=(-0.086430,-0.003991,15.547077) at t=15.206648
err=
[ 4883.418477, -212814.360350, 24.020421 ] 
[ -212814.360350, 8907781.953928, 2130.465413 ] 
[ 24.020421, 2130.465413, -15.558383 ] 
vertexline variance is negative: -3479.390201
ref-point=(-0.004114,-0.000432,0.347176)
pos=(-0.078400,-0.003621,14.087433) at t=13.746983
err=
[ 5382.891677, -234580.956735, 26.477857 ] 
[ -234580.956735, 9818846.964165, 2348.537266 ] 
[ 26.477857, 2348.537266, -17.150658 ] 
vertexline variance is negative: -46.281974
ref-point=(-0.004114,-0.000432,0.347176)
pos=(-0.005492,-0.000256,0.833998) at t=0.493347
err=
[ 75484.145116, -3289656.283714, 372.571399 ] 
[ -3289656.283714, 137654213.395615, 33268.939735 ] 
[ 372.571399, 33268.939735, -242.432578 ] 
vertexline variance is negative: -46.479161
ref-point=(-0.004314,-0.000432,0.347176)
pos=(-0.005492,-0.000256,0.833998) at t=0.493347
err=
[ 75484.145116, -3289656.283714, 372.571399 ] 
[ -3289656.283714, 137654213.395615, 33268.939735 ] 
[ 372.571399, 33268.939735, -242.432578 ] 
vertexline variance is negative: -46.493525
ref-point=(-0.004314,-0.000432,0.347176)
pos=(-0.005493,-0.000256,0.834071) at t=0.493420
err=
[ 75478.716877, -3289419.706523, 372.544507 ] 
[ -3289419.706523, 137644317.113769, 33266.521107 ] 
[ 372.544507, 33266.521107, -242.414994 ] 
vertexline variance is negative: -46.464852
ref-point=(-0.004314,-0.000432,0.347176)
pos=(-0.005492,-0.000256,0.833925) at t=0.493274
err=
[ 75489.553379, -3289891.990344, 372.598192 ] 
[ -3289891.990344, 137664073.260441, 33271.349466 ] 
[ 372.598192, 33271.349466, -242.450098 ] 
vertexline variance is negative: -46.479161
ref-point=(-0.004314,-0.000432,0.347176)
pos=(-0.005492,-0.000256,0.833998) at t=0.493347
err=
[ 75484.145116, -3289656.283714, 372.571399 ] 
[ -3289656.283714, 137654213.395615, 33268.939735 ] 
[ 372.571399, 33268.939735, -242.432578 ] 
vertexline variance is negative: -46.493525
ref-point=(-0.004314,-0.000432,0.347176)
pos=(-0.005493,-0.000256,0.834071) at t=0.493420
err=
[ 75478.716877, -3289419.706523, 372.544507 ] 
[ -3289419.706523, 137644317.113769, 33266.521107 ] 
[ 372.544507, 33266.521107, -242.414994 ] 
vertexline variance is negative: -46.464852
ref-point=(-0.004314,-0.000432,0.347176)
pos=(-0.005492,-0.000256,0.833925) at t=0.493274
err=
[ 75489.553379, -3289891.990344, 372.598192 ] 
[ -3289891.990344, 137664073.260441, 33271.349466 ] 
[ 372.598192, 33271.349466, -242.450098 ] 
vertexline variance is negative: -46.625311
ref-point=(-0.004314,-0.000432,0.347176)
pos=(-0.005496,-0.000256,0.834743) at t=0.494092
err=
[ 75428.965316, -3287251.400044, 372.298035 ] 
[ -3287251.400044, 137553614.468292, 33244.353779 ] 
[ 372.298035, 33244.353779, -242.253827 ] 
vertexline variance is negative: -46.338573
ref-point=(-0.004314,-0.000432,0.347176)
pos=(-0.005488,-0.000256,0.833282) at t=0.492630
err=
[ 75537.327438, -3291974.112097, 372.834868 ] 
[ -3291974.112097, 137751170.659336, 33292.636064 ] 
[ 372.834868, 33292.636064, -242.604860 ] 
vertexline variance is negative: -48.192435
ref-point=(-0.004314,-0.000432,0.347176)
pos=(-0.005540,-0.000258,0.842702) at t=0.502051
err=
[ 74844.030246, -3261758.370503, 369.400330 ] 
[ -3261758.370503, 136487210.084157, 32983.753768 ] 
[ 369.400330, 32983.753768, -240.359113 ] 
vertexline variance is negative: -45.322400
ref-point=(-0.004314,-0.000432,0.347176)
pos=(-0.005460,-0.000255,0.828092) at t=0.487441
err=
[ 75924.762979, -3308859.597585, 374.754295 ] 
[ -3308859.597585, 138457507.408663, 33465.275864 ] 
[ 374.754295, 33465.275864, -243.860007 ] 
vertexline variance is negative: -90.781837
ref-point=(-0.004314,-0.000432,0.347176)
pos=(-0.006664,-0.000310,1.046945) at t=0.706297
err=
[ 62422.601324, -2720403.538306, 307.905356 ] 
[ -2720403.538306, 113840414.632681, 27460.160585 ] 
[ 307.905356, 27460.160585, -200.183576 ] 
vertexline variance is negative: -59.879592
ref-point=(-0.004314,-0.000432,0.347176)
pos=(-0.005860,-0.000273,0.900846) at t=0.560196
err=
[ 70831.563098, -3086884.830982, 349.527506 ] 
[ -3086884.830982, 129171892.932674, 31197.309401 ] 
[ 349.527506, 31197.309401, -227.368815 ] 
vertexline variance is negative: -3863.661265
ref-point=(-0.004314,-0.000432,0.347176)
pos=(-0.086430,-0.003991,15.547077) at t=15.206648
err=
[ 4883.418477, -212814.360350, 24.020421 ] 
[ -212814.360350, 8907781.953928, 2130.465413 ] 
[ 24.020421, 2130.465413, -15.558383 ] 
vertexline variance is negative: -3479.105215
ref-point=(-0.004314,-0.000432,0.347176)
pos=(-0.078400,-0.003621,14.087433) at t=13.746983
err=
[ 5382.891677, -234580.956735, 26.477857 ] 
[ -234580.956735, 9818846.964165, 2348.537266 ] 
[ 26.477857, 2348.537266, -17.150658 ] 
vertexline variance is negative: -46.479161
ref-point=(-0.004314,-0.000432,0.347176)
pos=(-0.005492,-0.000256,0.833998) at t=0.493347
err=
[ 75484.145116, -3289656.283714, 372.571399 ] 
[ -3289656.283714, 137654213.395615, 33268.939735 ] 
[ 372.571399, 33268.939735, -242.432578 ] 
vertexline variance is negative: -53.921023
ref-point=(-0.004214,-0.000332,0.347176)
pos=(-0.005492,-0.000256,0.833998) at t=0.493347
err=
[ 75484.145116, -3289656.283714, 372.571399 ] 
[ -3289656.283714, 137654213.395615, 33268.939735 ] 
[ 372.571399, 33268.939735, -242.432578 ] 
vertexline variance is negative: -53.935102
ref-point=(-0.004214,-0.000332,0.347176)
pos=(-0.005493,-0.000256,0.834071) at t=0.493420
err=
[ 75478.716877, -3289419.706523, 372.544507 ] 
[ -3289419.706523, 137644317.113769, 33266.521107 ] 
[ 372.544507, 33266.521107, -242.414994 ] 
vertexline variance is negative: -53.906999
ref-point=(-0.004214,-0.000332,0.347176)
pos=(-0.005492,-0.000256,0.833925) at t=0.493274
err=
[ 75489.553379, -3289891.990344, 372.598192 ] 
[ -3289891.990344, 137664073.260441, 33271.349466 ] 
[ 372.598192, 33271.349466, -242.450098 ] 
vertexline variance is negative: -53.921023
ref-point=(-0.004214,-0.000332,0.347176)
pos=(-0.005492,-0.000256,0.833998) at t=0.493347
err=
[ 75484.145116, -3289656.283714, 372.571399 ] 
[ -3289656.283714, 137654213.395615, 33268.939735 ] 
[ 372.571399, 33268.939735, -242.432578 ] 
vertexline variance is negative: -53.935102
ref-point=(-0.004214,-0.000332,0.347176)
pos=(-0.005493,-0.000256,0.834071) at t=0.493420
err=
[ 75478.716877, -3289419.706523, 372.544507 ] 
[ -3289419.706523, 137644317.113769, 33266.521107 ] 
[ 372.544507, 33266.521107, -242.414994 ] 
vertexline variance is negative: -53.906999
ref-point=(-0.004214,-0.000332,0.347176)
pos=(-0.005492,-0.000256,0.833925) at t=0.493274
err=
[ 75489.553379, -3289891.990344, 372.598192 ] 
[ -3289891.990344, 137664073.260441, 33271.349466 ] 
[ 372.598192, 33271.349466, -242.450098 ] 
vertexline variance is negative: -54.064270
ref-point=(-0.004214,-0.000332,0.347176)
pos=(-0.005496,-0.000256,0.834743) at t=0.494092
err=
[ 75428.965316, -3287251.400044, 372.298035 ] 
[ -3287251.400044, 137553614.468292, 33244.353779 ] 
[ 372.298035, 33244.353779, -242.253827 ] 
vertexline variance is negative: -53.783235
ref-point=(-0.004214,-0.000332,0.347176)
pos=(-0.005488,-0.000256,0.833282) at t=0.492630
err=
[ 75537.327438, -3291974.112097, 372.834868 ] 
[ -3291974.112097, 137751170.659336, 33292.636064 ] 
[ 372.834868, 33292.636064, -242.604860 ] 
vertexline variance is negative: -55.600608
ref-point=(-0.004214,-0.000332,0.347176)
pos=(-0.005540,-0.000258,0.842702) at t=0.502051
err=
[ 74844.030246, -3261758.370503, 369.400330 ] 
[ -3261758.370503, 136487210.084157, 32983.753768 ] 
[ 369.400330, 32983.753768, -240.359113 ] 
vertexline variance is negative: -52.787449
ref-point=(-0.004214,-0.000332,0.347176)
pos=(-0.005460,-0.000255,0.828092) at t=0.487441
err=
[ 75924.762979, -3308859.597585, 374.754295 ] 
[ -3308859.597585, 138457507.408663, 33465.275864 ] 
[ 374.754295, 33465.275864, -243.860007 ] 
vertexline variance is negative: -97.535073
ref-point=(-0.004214,-0.000332,0.347176)
pos=(-0.006664,-0.000310,1.046945) at t=0.706297
err=
[ 62422.601324, -2720403.538306, 307.905356 ] 
[ -2720403.538306, 113840414.632681, 27460.160585 ] 
[ 307.905356, 27460.160585, -200.183576 ] 
vertexline variance is negative: -67.076447
ref-point=(-0.004214,-0.000332,0.347176)
pos=(-0.005860,-0.000273,0.900846) at t=0.560196
err=
[ 70831.563098, -3086884.830982, 349.527506 ] 
[ -3086884.830982, 129171892.932674, 31197.309401 ] 
[ 349.527506, 31197.309401, -227.368815 ] 
vertexline variance is negative: -3867.351572
ref-point=(-0.004214,-0.000332,0.347176)
pos=(-0.086430,-0.003991,15.547077) at t=15.206648
err=
[ 4883.418477, -212814.360350, 24.020421 ] 
[ -212814.360350, 8907781.953928, 2130.465413 ] 
[ 24.020421, 2130.465413, -15.558383 ] 
vertexline variance is negative: -3482.822315
ref-point=(-0.004214,-0.000332,0.347176)
pos=(-0.078400,-0.003621,14.087433) at t=13.746983
err=
[ 5382.891677, -234580.956735, 26.477857 ] 
[ -234580.956735, 9818846.964165, 2348.537266 ] 
[ 26.477857, 2348.537266, -17.150658 ] 
vertexline variance is negative: -53.921023
ref-point=(-0.004214,-0.000332,0.347176)
pos=(-0.005492,-0.000256,0.833998) at t=0.493347
err=
[ 75484.145116, -3289656.283714, 372.571399 ] 
[ -3289656.283714, 137654213.395615, 33268.939735 ] 
[ 372.571399, 33268.939735, -242.432578 ] 
vertexline variance is negative: -36.088537
ref-point=(-0.004214,-0.000532,0.347176)
pos=(-0.005492,-0.000256,0.833998) at t=0.493347
err=
[ 75484.145116, -3289656.283714, 372.571399 ] 
[ -3289656.283714, 137654213.395615, 33268.939735 ] 
[ 372.571399, 33268.939735, -242.432578 ] 
vertexline variance is negative: -36.103422
ref-point=(-0.004214,-0.000532,0.347176)
pos=(-0.005493,-0.000256,0.834071) at t=0.493420
err=
[ 75478.716877, -3289419.706523, 372.544507 ] 
[ -3289419.706523, 137644317.113769, 33266.521107 ] 
[ 372.544507, 33266.521107, -242.414994 ] 
vertexline variance is negative: -36.073709
ref-point=(-0.004214,-0.000532,0.347176)
pos=(-0.005492,-0.000256,0.833925) at t=0.493274
err=
[ 75489.553379, -3289891.990344, 372.598192 ] 
[ -3289891.990344, 137664073.260441, 33271.349466 ] 
[ 372.598192, 33271.349466, -242.450098 ] 
vertexline variance is negative: -36.088537
ref-point=(-0.004214,-0.000532,0.347176)
pos=(-0.005492,-0.000256,0.833998) at t=0.493347
err=
[ 75484.145116, -3289656.283714, 372.571399 ] 
[ -3289656.283714, 137654213.395615, 33268.939735 ] 
[ 372.571399, 33268.939735, -242.432578 ] 
vertexline variance is negative: -36.103422
ref-point=(-0.004214,-0.000532,0.347176)
pos=(-0.005493,-0.000256,0.834071) at t=0.493420
err=
[ 75478.716877, -3289419.706523, 372.544507 ] 
[ -3289419.706523, 137644317.113769, 33266.521107 ] 
[ 372.544507, 33266.521107, -242.414994 ] 
vertexline variance is negative: -36.073709
ref-point=(-0.004214,-0.000532,0.347176)
pos=(-0.005492,-0.000256,0.833925) at t=0.493274
err=
[ 75489.553379, -3289891.990344, 372.598192 ] 
[ -3289891.990344, 137664073.260441, 33271.349466 ] 
[ 372.598192, 33271.349466, -242.450098 ] 
vertexline variance is negative: -36.239982
ref-point=(-0.004214,-0.000532,0.347176)
pos=(-0.005496,-0.000256,0.834743) at t=0.494092
err=
[ 75428.965316, -3287251.400044, 372.298035 ] 
[ -3287251.400044, 137553614.468292, 33244.353779 ] 
[ 372.298035, 33244.353779, -242.253827 ] 
vertexline variance is negative: -35.942846
ref-point=(-0.004214,-0.000532,0.347176)
pos=(-0.005488,-0.000256,0.833282) at t=0.492630
err=
[ 75537.327438, -3291974.112097, 372.834868 ] 
[ -3291974.112097, 137751170.659336, 33292.636064 ] 
[ 372.834868, 33292.636064, -242.604860 ] 
vertexline variance is negative: -37.863234
ref-point=(-0.004214,-0.000532,0.347176)
pos=(-0.005540,-0.000258,0.842702) at t=0.502051
err=
[ 74844.030246, -3261758.370503, 369.400330 ] 
[ -3261758.370503, 136487210.084157, 32983.753768 ] 
[ 369.400330, 32983.753768, -240.359113 ] 
vertexline variance is negative: -34.889500
ref-point=(-0.004214,-0.000532,0.347176)
pos=(-0.005460,-0.000255,0.828092) at t=0.487441
err=
[ 75924.762979, -3308859.597585, 374.754295 ] 
[ -3308859.597585, 138457507.408663, 33465.275864 ] 
[ 374.754295, 33465.275864, -243.860007 ] 
vertexline variance is negative: -81.645736
ref-point=(-0.004214,-0.000532,0.347176)
pos=(-0.006664,-0.000310,1.046945) at t=0.706297
err=
[ 62422.601324, -2720403.538306, 307.905356 ] 
[ -2720403.538306, 113840414.632681, 27460.160585 ] 
[ 307.905356, 27460.160585, -200.183576 ] 
vertexline variance is negative: -49.935546
ref-point=(-0.004214,-0.000532,0.347176)
pos=(-0.005860,-0.000273,0.900846) at t=0.560196
err=
[ 70831.563098, -3086884.830982, 349.527506 ] 
[ -3086884.830982, 129171892.932674, 31197.309401 ] 
[ 349.527506, 31197.309401, -227.368815 ] 
vertexline variance is negative: -3860.081319
ref-point=(-0.004214,-0.000532,0.347176)
pos=(-0.086430,-0.003991,15.547077) at t=15.206648
err=
[ 4883.418477, -212814.360350, 24.020421 ] 
[ -212814.360350, 8907781.953928, 2130.465413 ] 
[ 24.020421, 2130.465413, -15.558383 ] 
vertexline variance is negative: -3475.476832
ref-point=(-0.004214,-0.000532,0.347176)
pos=(-0.078400,-0.003621,14.087433) at t=13.746983
err=
[ 5382.891677, -234580.956735, 26.477857 ] 
[ -234580.956735, 9818846.964165, 2348.537266 ] 
[ 26.477857, 2348.537266, -17.150658 ] 
vertexline variance is negative: -36.088537
ref-point=(-0.004214,-0.000532,0.347176)
pos=(-0.005492,-0.000256,0.833998) at t=0.493347
err=
[ 75484.145116, -3289656.283714, 372.571399 ] 
[ -3289656.283714, 137654213.395615, 33268.939735 ] 
[ 372.571399, 33268.939735, -242.432578 ] 
vertexline variance is negative: -46.358794
ref-point=(-0.004214,-0.000432,0.347276)
pos=(-0.005492,-0.000256,0.833998) at t=0.493347
err=
[ 75484.145116, -3289656.283714, 372.571399 ] 
[ -3289656.283714, 137654213.395615, 33268.939735 ] 
[ 372.571399, 33268.939735, -242.432578 ] 
vertexline variance is negative: -46.373175
ref-point=(-0.004214,-0.000432,0.347276)
pos=(-0.005493,-0.000256,0.834071) at t=0.493420
err=
[ 75478.716877, -3289419.706523, 372.544507 ] 
[ -3289419.706523, 137644317.113769, 33266.521107 ] 
[ 372.544507, 33266.521107, -242.414994 ] 
vertexline variance is negative: -46.344468
ref-point=(-0.004214,-0.000432,0.347276)
pos=(-0.005492,-0.000256,0.833925) at t=0.493274
err=
[ 75489.553379, -3289891.990344, 372.598192 ] 
[ -3289891.990344, 137664073.260441, 33271.349466 ] 
[ 372.598192, 33271.349466, -242.450098 ] 
vertexline variance is negative: -46.358794
ref-point=(-0.004214,-0.000432,0.347276)
pos=(-0.005492,-0.000256,0.833998) at t=0.493347
err=
[ 75484.145116, -3289656.283714, 372.571399 ] 
[ -3289656.283714, 137654213.395615, 33268.939735 ] 
[ 372.571399, 33268.939735, -242.432578 ] 
vertexline variance is negative: -46.373175
ref-point=(-0.004214,-0.000432,0.347276)
pos=(-0.005493,-0.000256,0.834071) at t=0.493420
err=
[ 75478.716877, -3289419.706523, 372.544507 ] 
[ -3289419.706523, 137644317.113769, 33266.521107 ] 
[ 372.544507, 33266.521107, -242.414994 ] 
vertexline variance is negative: -46.344468
ref-point=(-0.004214,-0.000432,0.347276)
pos=(-0.005492,-0.000256,0.833925) at t=0.493274
err=
[ 75489.553379, -3289891.990344, 372.598192 ] 
[ -3289891.990344, 137664073.260441, 33271.349466 ] 
[ 372.598192, 33271.349466, -242.450098 ] 
vertexline variance is negative: -46.505113
ref-point=(-0.004214,-0.000432,0.347276)
pos=(-0.005496,-0.000256,0.834743) at t=0.494092
err=
[ 75428.965316, -3287251.400044, 372.298035 ] 
[ -3287251.400044, 137553614.468292, 33244.353779 ] 
[ 372.298035, 33244.353779, -242.253827 ] 
vertexline variance is negative: -46.218044
ref-point=(-0.004214,-0.000432,0.347276)
pos=(-0.005488,-0.000256,0.833282) at t=0.492630
err=
[ 75537.327438, -3291974.112097, 372.834868 ] 
[ -3291974.112097, 137751170.659336, 33292.636064 ] 
[ 372.834868, 33292.636064, -242.604860 ] 
vertexline variance is negative: -48.074021
ref-point=(-0.004214,-0.000432,0.347276)
pos=(-0.005540,-0.000258,0.842702) at t=0.502051
err=
[ 74844.030246, -3261758.370503, 369.400330 ] 
[ -3261758.370503, 136487210.084157, 32983.753768 ] 
[ 369.400330, 32983.753768, -240.359113 ] 
vertexline variance is negative: -45.200689
ref-point=(-0.004214,-0.000432,0.347276)
pos=(-0.005460,-0.000255,0.828092) at t=0.487441
err=
[ 75924.762979, -3308859.597585, 374.754295 ] 
[ -3308859.597585, 138457507.408663, 33465.275864 ] 
[ 374.754295, 33465.275864, -243.860007 ] 
vertexline variance is negative: -90.701311
ref-point=(-0.004214,-0.000432,0.347276)
pos=(-0.006664,-0.000310,1.046945) at t=0.706297
err=
[ 62422.601324, -2720403.538306, 307.905356 ] 
[ -2720403.538306, 113840414.632681, 27460.160585 ] 
[ 307.905356, 27460.160585, -200.183576 ] 
vertexline variance is negative: -59.773416
ref-point=(-0.004214,-0.000432,0.347276)
pos=(-0.005860,-0.000273,0.900846) at t=0.560196
err=
[ 70831.563098, -3086884.830982, 349.527506 ] 
[ -3086884.830982, 129171892.932674, 31197.309401 ] 
[ 349.527506, 31197.309401, -227.368815 ] 
vertexline variance is negative: -3863.756315
ref-point=(-0.004214,-0.000432,0.347276)
pos=(-0.086430,-0.003991,15.547077) at t=15.206648
err=
[ 4883.418477, -212814.360350, 24.020421 ] 
[ -212814.360350, 8907781.953928, 2130.465413 ] 
[ 24.020421, 2130.465413, -15.558383 ] 
vertexline variance is negative: -3479.198741
ref-point=(-0.004214,-0.000432,0.347276)
pos=(-0.078400,-0.003621,14.087433) at t=13.746983
err=
[ 5382.891677, -234580.956735, 26.477857 ] 
[ -234580.956735, 9818846.964165, 2348.537266 ] 
[ 26.477857, 2348.537266, -17.150658 ] 
vertexline variance is negative: -46.358794
ref-point=(-0.004214,-0.000432,0.347276)
pos=(-0.005492,-0.000256,0.833998) at t=0.493347
err=
[ 75484.145116, -3289656.283714, 372.571399 ] 
[ -3289656.283714, 137654213.395615, 33268.939735 ] 
[ 372.571399, 33268.939735, -242.432578 ] 
vertexline variance is negative: -46.403855
ref-point=(-0.004214,-0.000432,0.347076)
pos=(-0.005492,-0.000256,0.833998) at t=0.493347
err=
[ 75484.145116, -3289656.283714, 372.571399 ] 
[ -3289656.283714, 137654213.395615, 33268.939735 ] 
[ 372.571399, 33268.939735, -242.432578 ] 
vertexline variance is negative: -46.418241
ref-point=(-0.004214,-0.000432,0.347076)
pos=(-0.005493,-0.000256,0.834071) at t=0.493420
err=
[ 75478.716877, -3289419.706523, 372.544507 ] 
[ -3289419.706523, 137644317.113769, 33266.521107 ] 
[ 372.544507, 33266.521107, -242.414994 ] 
vertexline variance is negative: -46.389526
ref-point=(-0.004214,-0.000432,0.347076)
pos=(-0.005492,-0.000256,0.833925) at t=0.493274
err=
[ 75489.553379, -3289891.990344, 372.598192 ] 
[ -3289891.990344, 137664073.260441, 33271.349466 ] 
[ 372.598192, 33271.349466, -242.450098 ] 
vertexline variance is negative: -46.403855
ref-point=(-0.004214,-0.000432,0.347076)
pos=(-0.005492,-0.000256,0.833998) at t=0.493347
err=
[ 75484.145116, -3289656.283714, 372.571399 ] 
[ -3289656.283714, 137654213.395615, 33268.939735 ] 
[ 372.571399, 33268.939735, -242.432578 ] 
vertexline variance is negative: -46.418241
ref-point=(-0.004214,-0.000432,0.347076)
pos=(-0.005493,-0.000256,0.834071) at t=0.493420
err=
[ 75478.716877, -3289419.706523, 372.544507 ] 
[ -3289419.706523, 137644317.113769, 33266.521107 ] 
[ 372.544507, 33266.521107, -242.414994 ] 
vertexline variance is negative: -46.389526
ref-point=(-0.004214,-0.000432,0.347076)
pos=(-0.005492,-0.000256,0.833925) at t=0.493274
err=
[ 75489.553379, -3289891.990344, 372.598192 ] 
[ -3289891.990344, 137664073.260441, 33271.349466 ] 
[ 372.598192, 33271.349466, -242.450098 ] 
vertexline variance is negative: -46.550216
ref-point=(-0.004214,-0.000432,0.347076)
pos=(-0.005496,-0.000256,0.834743) at t=0.494092
err=
[ 75428.965316, -3287251.400044, 372.298035 ] 
[ -3287251.400044, 137553614.468292, 33244.353779 ] 
[ 372.298035, 33244.353779, -242.253827 ] 
vertexline variance is negative: -46.263065
ref-point=(-0.004214,-0.000432,0.347076)
pos=(-0.005488,-0.000256,0.833282) at t=0.492630
err=
[ 75537.327438, -3291974.112097, 372.834868 ] 
[ -3291974.112097, 137751170.659336, 33292.636064 ] 
[ 372.834868, 33292.636064, -242.604860 ] 
vertexline variance is negative: -48.119570
ref-point=(-0.004214,-0.000432,0.347076)
pos=(-0.005540,-0.000258,0.842702) at t=0.502051
err=
[ 74844.030246, -3261758.370503, 369.400330 ] 
[ -3261758.370503, 136487210.084157, 32983.753768 ] 
[ 369.400330, 32983.753768, -240.359113 ] 
vertexline variance is negative: -45.245415
ref-point=(-0.004214,-0.000432,0.347076)
pos=(-0.005460,-0.000255,0.828092) at t=0.487441
err=
[ 75924.762979, -3308859.597585, 374.754295 ] 
[ -3308859.597585, 138457507.408663, 33465.275864 ] 
[ 374.754295, 33465.275864, -243.860007 ] 
vertexline variance is negative: -90.756310
ref-point=(-0.004214,-0.000432,0.347076)
pos=(-0.006664,-0.000310,1.046945) at t=0.706297
err=
[ 62422.601324, -2720403.538306, 307.905356 ] 
[ -2720403.538306, 113840414.632681, 27460.160585 ] 
[ 307.905356, 27460.160585, -200.183576 ] 
vertexline variance is negative: -59.822020
ref-point=(-0.004214,-0.000432,0.347076)
pos=(-0.005860,-0.000273,0.900846) at t=0.560196
err=
[ 70831.563098, -3086884.830982, 349.527506 ] 
[ -3086884.830982, 129171892.932674, 31197.309401 ] 
[ 349.527506, 31197.309401, -227.368815 ] 
vertexline variance is negative: -3863.854733
ref-point=(-0.004214,-0.000432,0.347076)
pos=(-0.086430,-0.003991,15.547077) at t=15.206648
err=
[ 4883.418477, -212814.360350, 24.020421 ] 
[ -212814.360350, 8907781.953928, 2130.465413 ] 
[ 24.020421, 2130.465413, -15.558383 ] 
vertexline variance is negative: -3479.296783
ref-point=(-0.004214,-0.000432,0.347076)
pos=(-0.078400,-0.003621,14.087433) at t=13.746983
err=
[ 5382.891677, -234580.956735, 26.477857 ] 
[ -234580.956735, 9818846.964165, 2348.537266 ] 
[ 26.477857, 2348.537266, -17.150658 ] 
vertexline variance is negative: -46.403855
ref-point=(-0.004214,-0.000432,0.347076)
pos=(-0.005492,-0.000256,0.833998) at t=0.493347
err=
[ 75484.145116, -3289656.283714, 372.571399 ] 
[ -3289656.283714, 137654213.395615, 33268.939735 ] 
[ 372.571399, 33268.939735, -242.432578 ] 
vertexline variance is negative: -46.381322
ref-point=(-0.004214,-0.000432,0.347176)
pos=(-0.005492,-0.000256,0.833998) at t=0.493347
err=
[ 75484.145116, -3289656.283714, 372.571399 ] 
[ -3289656.283714, 137654213.395615, 33268.939735 ] 
[ 372.571399, 33268.939735, -242.432578 ] 
vertexline variance is negative: -46.395705
ref-point=(-0.004214,-0.000432,0.347176)
pos=(-0.005493,-0.000256,0.834071) at t=0.493420
err=
[ 75478.716877, -3289419.706523, 372.544507 ] 
[ -3289419.706523, 137644317.113769, 33266.521107 ] 
[ 372.544507, 33266.521107, -242.414994 ] 
vertexline variance is negative: -46.366995
ref-point=(-0.004214,-0.000432,0.347176)
pos=(-0.005492,-0.000256,0.833925) at t=0.493274
err=
[ 75489.553379, -3289891.990344, 372.598192 ] 
[ -3289891.990344, 137664073.260441, 33271.349466 ] 
[ 372.598192, 33271.349466, -242.450098 ] 
vertexline variance is negative: -46.381322
ref-point=(-0.004214,-0.000432,0.347176)
pos=(-0.005492,-0.000256,0.833998) at t=0.493347
err=
[ 75484.145116, -3289656.283714, 372.571399 ] 
[ -3289656.283714, 137654213.395615, 33268.939735 ] 
[ 372.571399, 33268.939735, -242.432578 ] 
vertexline variance is negative: -46.395705
ref-point=(-0.004214,-0.000432,0.347176)
pos=(-0.005493,-0.000256,0.834071) at t=0.493420
err=
[ 75478.716877, -3289419.706523, 372.544507 ] 
[ -3289419.706523, 137644317.113769, 33266.521107 ] 
[ 372.544507, 33266.521107, -242.414994 ] 
vertexline variance is negative: -46.366995
ref-point=(-0.004214,-0.000432,0.347176)
pos=(-0.005492,-0.000256,0.833925) at t=0.493274
err=
[ 75489.553379, -3289891.990344, 372.598192 ] 
[ -3289891.990344, 137664073.260441, 33271.349466 ] 
[ 372.598192, 33271.349466, -242.450098 ] 
vertexline variance is negative: -46.527662
ref-point=(-0.004214,-0.000432,0.347176)
pos=(-0.005496,-0.000256,0.834743) at t=0.494092
err=
[ 75428.965316, -3287251.400044, 372.298035 ] 
[ -3287251.400044, 137553614.468292, 33244.353779 ] 
[ 372.298035, 33244.353779, -242.253827 ] 
vertexline variance is negative: -46.240552
ref-point=(-0.004214,-0.000432,0.347176)
pos=(-0.005488,-0.000256,0.833282) at t=0.492630
err=
[ 75537.327438, -3291974.112097, 372.834868 ] 
[ -3291974.112097, 137751170.659336, 33292.636064 ] 
[ 372.834868, 33292.636064, -242.604860 ] 
vertexline variance is negative: -48.096793
ref-point=(-0.004214,-0.000432,0.347176)
pos=(-0.005540,-0.000258,0.842702) at t=0.502051
err=
[ 74844.030246, -3261758.370503, 369.400330 ] 
[ -3261758.370503, 136487210.084157, 32983.753768 ] 
[ 369.400330, 32983.753768, -240.359113 ] 
vertexline variance is negative: -45.223049
ref-point=(-0.004214,-0.000432,0.347176)
pos=(-0.005460,-0.000255,0.828092) at t=0.487441
err=
[ 75924.762979, -3308859.597585, 374.754295 ] 
[ -3308859.597585, 138457507.408663, 33465.275864 ] 
[ 374.754295, 33465.275864, -243.860007 ] 
vertexline variance is negative: -90.728809
ref-point=(-0.004214,-0.000432,0.347176)
pos=(-0.006664,-0.000310,1.046945) at t=0.706297
err=
[ 62422.601324, -2720403.538306, 307.905356 ] 
[ -2720403.538306, 113840414.632681, 27460.160585 ] 
[ 307.905356, 27460.160585, -200.183576 ] 
vertexline variance is negative: -59.797716
ref-point=(-0.004214,-0.000432,0.347176)
pos=(-0.005860,-0.000273,0.900846) at t=0.560196
err=
[ 70831.563098, -3086884.830982, 349.527506 ] 
[ -3086884.830982, 129171892.932674, 31197.309401 ] 
[ 349.527506, 31197.309401, -227.368815 ] 
vertexline variance is negative: -3863.805524
ref-point=(-0.004214,-0.000432,0.347176)
pos=(-0.086430,-0.003991,15.547077) at t=15.206648
err=
[ 4883.418477, -212814.360350, 24.020421 ] 
[ -212814.360350, 8907781.953928, 2130.465413 ] 
[ 24.020421, 2130.465413, -15.558383 ] 
vertexline variance is negative: -3479.247762
ref-point=(-0.004214,-0.000432,0.347176)
pos=(-0.078400,-0.003621,14.087433) at t=13.746983
err=
[ 5382.891677, -234580.956735, 26.477857 ] 
[ -234580.956735, 9818846.964165, 2348.537266 ] 
[ 26.477857, 2348.537266, -17.150658 ] 
vertexline variance is negative: -46.381322
ref-point=(-0.004214,-0.000432,0.347176)
pos=(-0.005492,-0.000256,0.833998) at t=0.493347
err=
[ 75484.145116, -3289656.283714, 372.571399 ] 
[ -3289656.283714, 137654213.395615, 33268.939735 ] 
[ 372.571399, 33268.939735, -242.432578 ] 
vertexline variance is negative: -46.281974
ref-point=(-0.004114,-0.000432,0.347176)
pos=(-0.005492,-0.000256,0.833998) at t=0.493347
err=
[ 75484.145116, -3289656.283714, 372.571399 ] 
[ -3289656.283714, 137654213.395615, 33268.939735 ] 
[ 372.571399, 33268.939735, -242.432578 ] 
vertexline variance is negative: -46.296376
ref-point=(-0.004114,-0.000432,0.347176)
pos=(-0.005493,-0.000256,0.834071) at t=0.493420
err=
[ 75478.716877, -3289419.706523, 372.544507 ] 
[ -3289419.706523, 137644317.113769, 33266.521107 ] 
[ 372.544507, 33266.521107, -242.414994 ] 
vertexline variance is negative: -46.267628
ref-point=(-0.004114,-0.000432,0.347176)
pos=(-0.005492,-0.000256,0.833925) at t=0.493274
err=
[ 75489.553379, -3289891.990344, 372.598192 ] 
[ -3289891.990344, 137664073.260441, 33271.349466 ] 
[ 372.598192, 33271.349466, -242.450098 ] 
vertexline variance is negative: -46.281974
ref-point=(-0.004114,-0.000432,0.347176)
pos=(-0.005492,-0.000256,0.833998) at t=0.493347
err=
[ 75484.145116, -3289656.283714, 372.571399 ] 
[ -3289656.283714, 137654213.395615, 33268.939735 ] 
[ 372.571399, 33268.939735, -242.432578 ] 
vertexline variance is negative: -46.296376
ref-point=(-0.004114,-0.000432,0.347176)
pos=(-0.005493,-0.000256,0.834071) at t=0.493420
err=
[ 75478.716877, -3289419.706523, 372.544507 ] 
[ -3289419.706523, 137644317.113769, 33266.521107 ] 
[ 372.544507, 33266.521107, -242.414994 ] 
vertexline variance is negative: -46.267628
ref-point=(-0.004114,-0.000432,0.347176)
pos=(-0.005492,-0.000256,0.833925) at t=0.493274
err=
[ 75489.553379, -3289891.990344, 372.598192 ] 
[ -3289891.990344, 137664073.260441, 33271.349466 ] 
[ 372.598192, 33271.349466, -242.450098 ] 
vertexline variance is negative: -46.428504
ref-point=(-0.004114,-0.000432,0.347176)
pos=(-0.005496,-0.000256,0.834743) at t=0.494092
err=
[ 75428.965316, -3287251.400044, 372.298035 ] 
[ -3287251.400044, 137553614.468292, 33244.353779 ] 
[ 372.298035, 33244.353779, -242.253827 ] 
vertexline variance is negative: -46.141020
ref-point=(-0.004114,-0.000432,0.347176)
pos=(-0.005488,-0.000256,0.833282) at t=0.492630
err=
[ 75537.327438, -3291974.112097, 372.834868 ] 
[ -3291974.112097, 137751170.659336, 33292.636064 ] 
[ 372.834868, 33292.636064, -242.604860 ] 
vertexline variance is negative: -47.999654
ref-point=(-0.004114,-0.000432,0.347176)
pos=(-0.005540,-0.000258,0.842702) at t=0.502051
err=
[ 74844.030246, -3261758.370503, 369.400330 ] 
[ -3261758.370503, 136487210.084157, 32983.753768 ] 
[ 369.400330, 32983.753768, -240.359113 ] 
vertexline variance is negative: -45.122180
ref-point=(-0.004114,-0.000432,0.347176)
pos=(-0.005460,-0.000255,0.828092) at t=0.487441
err=
[ 75924.762979, -3308859.597585, 374.754295 ] 
[ -3308859.597585, 138457507.408663, 33465.275864 ] 
[ 374.754295, 33465.275864, -243.860007 ] 
vertexline variance is negative: -90.674532
ref-point=(-0.004114,-0.000432,0.347176)
pos=(-0.006664,-0.000310,1.046945) at t=0.706297
err=
[ 62422.601324, -2720403.538306, 307.905356 ] 
[ -2720403.538306, 113840414.632681, 27460.160585 ] 
[ 307.905356, 27460.160585, -200.183576 ] 
vertexline variance is negative: -59.714423
ref-point=(-0.004114,-0.000432,0.347176)
pos=(-0.005860,-0.000273,0.900846) at t=0.560196
err=
[ 70831.563098, -3086884.830982, 349.527506 ] 
[ -3086884.830982, 129171892.932674, 31197.309401 ] 
[ 349.527506, 31197.309401, -227.368815 ] 
vertexline variance is negative: -3863.949684
ref-point=(-0.004114,-0.000432,0.347176)
pos=(-0.086430,-0.003991,15.547077) at t=15.206648
err=
[ 4883.418477, -212814.360350, 24.020421 ] 
[ -212814.360350, 8907781.953928, 2130.465413 ] 
[ 24.020421, 2130.465413, -15.558383 ] 
vertexline variance is negative: -3479.390201
ref-point=(-0.004114,-0.000432,0.347176)
pos=(-0.078400,-0.003621,14.087433) at t=13.746983
err=
[ 5382.891677, -234580.956735, 26.477857 ] 
[ -234580.956735, 9818846.964165, 2348.537266 ] 
[ 26.477857, 2348.537266, -17.150658 ] 
vertexline variance is negative: -46.281974
ref-point=(-0.004114,-0.000432,0.347176)
pos=(-0.005492,-0.000256,0.833998) at t=0.493347
err=
[ 75484.145116, -3289656.283714, 372.571399 ] 
[ -3289656.283714, 137654213.395615, 33268.939735 ] 
[ 372.571399, 33268.939735, -242.432578 ] 
vertexline variance is negative: -46.479161
ref-point=(-0.004314,-0.000432,0.347176)
pos=(-0.005492,-0.000256,0.833998) at t=0.493347
err=
[ 75484.145116, -3289656.283714, 372.571399 ] 
[ -3289656.283714, 137654213.395615, 33268.939735 ] 
[ 372.571399, 33268.939735, -242.432578 ] 
vertexline variance is negative: -46.493525
ref-point=(-0.004314,-0.000432,0.347176)
pos=(-0.005493,-0.000256,0.834071) at t=0.493420
err=
[ 75478.716877, -3289419.706523, 372.544507 ] 
