Error in <TSystem::ExpandFileName>: input: $HOME/.root.mimes, output: $HOME/.root.mimes
Info in <TGeoManager::TGeoManager>: Geometry default, Detector Geometry created
Info in <TGeoManager::SetTopVolume>: Top volume is world_volume. Master volume is world_volume
Info in <TGeoNavigator::BuildCache>: --- Maximum geometry depth set to 100
++++++++++++++++++++++++++++++++++++++++++++++++++++++++++++++++++++++++++++++++++++++++++++++++++++++++++++++++++++++++++++++
++  The usage of the factory: "Beampipe_o1_v01" is DEPRECATED due to naming conventions.                                    ++
++  Please use "DD4hep_Beampipe_o1_v01" instead.                                                                            ++
++++++++++++++++++++++++++++++++++++++++++++++++++++++++++++++++++++++++++++++++++++++++++++++++++++++++++++++++++++++++++++++
Info in <TGeoManager::CheckGeometry>: Fixing runtime shapes...
Info in <TGeoManager::CheckGeometry>: ...Nothing to fix
Info in <TGeoManager::CloseGeometry>: Counting nodes...
Info in <TGeoManager::Voxelize>: Voxelizing...
Info in <TGeoManager::CloseGeometry>: Building cache...
Info in <TGeoManager::CountLevels>: max level = 5, max placements = 1044
Info in <TGeoManager::CloseGeometry>: 411734 nodes/ 5904 volume UID's in Detector Geometry
Info in <TGeoManager::CloseGeometry>: ----------------modeler ready----------------
Error in <TDecompLU::InvertLU>: matrix is singular, 3 diag elements < tolerance of 1.1921e-07
Error in <TDecompLU::InvertLU>: matrix is singular, 3 diag elements < tolerance of 1.1921e-07
vertexline variance is negative: -105.338684
ref-point=(-1.856504,-0.481418,-1.540467)
pos=(-1.856504,-0.481417,-1.540467) at t=-0.000001
err=
[ 725320666745355239424.000000, 154246428528272375808.000000, -182375002910.156250 ] 
[ 154246428528272375808.000000, 32798282044369244160.000000, -40721749444.333984 ] 
[ -182375002910.156250, -40721749444.333984, 460973.211498 ] 
vertexline variance is negative: -105.291722
ref-point=(-1.856506,-0.481418,-1.540467)
pos=(-1.856506,-0.481418,-1.540468) at t=0.000001
err=
[ 725320666745355239424.000000, 154246428528272375808.000000, -182375002910.156250 ] 
[ 154246428528272375808.000000, 32798282044369244160.000000, -40721749444.333984 ] 
[ -182375002910.156250, -40721749444.333984, 460973.211498 ] 
vertexline variance is negative: -2426.847069
ref-point=(-1.856505,-0.481417,-1.540467)
pos=(-1.856505,-0.481418,-1.540467) at t=-0.000000
err=
[ 725320666745355239424.000000, 154246428528272375808.000000, -182375002910.156250 ] 
[ 154246428528272375808.000000, 32798282044369244160.000000, -40721749444.333984 ] 
[ -182375002910.156250, -40721749444.333984, 460973.211498 ] 
vertexline variance is negative: -3218.742205
ref-point=(-1.856505,-0.481417,-1.540467)
pos=(-1.856505,-0.481418,-1.540467) at t=-0.000000
err=
[ 725320666745355239424.000000, 154246428528272375808.000000, -182375002910.156250 ] 
[ 154246428528272375808.000000, 32798282044369244160.000000, -40721749444.333984 ] 
[ -182375002910.156250, -40721749444.333984, 460973.211498 ] 
vertexline variance is negative: -2426.966217
ref-point=(-1.856505,-0.481419,-1.540467)
pos=(-1.856505,-0.481418,-1.540468) at t=0.000000
err=
[ 725320666745355239424.000000, 154246428528272375808.000000, -182375002910.156250 ] 
[ 154246428528272375808.000000, 32798282044369244160.000000, -40721749444.333984 ] 
[ -182375002910.156250, -40721749444.333984, 460973.211498 ] 
vertexline variance is negative: -3218.660794
ref-point=(-1.856505,-0.481419,-1.540467)
pos=(-1.856505,-0.481418,-1.540468) at t=0.000000
err=
[ 725320666745355239424.000000, 154246428528272375808.000000, -182375002910.156250 ] 
[ 154246428528272375808.000000, 32798282044369244160.000000, -40721749444.333984 ] 
[ -182375002910.156250, -40721749444.333984, 460973.211498 ] 
vertexline variance is negative: -105.338684
ref-point=(-1.856504,-0.481418,-1.540467)
pos=(-1.856504,-0.481417,-1.540467) at t=-0.000001
err=
[ 725320666745355239424.000000, 154246428528272375808.000000, -182375002910.156250 ] 
[ 154246428528272375808.000000, 32798282044369244160.000000, -40721749444.333984 ] 
[ -182375002910.156250, -40721749444.333984, 460973.211498 ] 
vertexline variance is negative: -105.291722
ref-point=(-1.856506,-0.481418,-1.540467)
pos=(-1.856506,-0.481418,-1.540468) at t=0.000001
err=
[ 725320666745355239424.000000, 154246428528272375808.000000, -182375002910.156250 ] 
[ 154246428528272375808.000000, 32798282044369244160.000000, -40721749444.333984 ] 
[ -182375002910.156250, -40721749444.333984, 460973.211498 ] 
vertexline variance is negative: -105.338093
ref-point=(-1.856504,-0.481418,-1.540467)
pos=(-1.856504,-0.481417,-1.540467) at t=-0.000001
err=
[ 725320666745355239424.000000, 154246428528272375808.000000, -182375002910.156250 ] 
[ 154246428528272375808.000000, 32798282044369244160.000000, -40721749444.333984 ] 
[ -182375002910.156250, -40721749444.333984, 460973.211498 ] 
