Error in <TSystem::ExpandFileName>: input: $HOME/.root.mimes, output: $HOME/.root.mimes
Info in <TGeoManager::TGeoManager>: Geometry default, Detector Geometry created
Info in <TGeoManager::SetTopVolume>: Top volume is world_volume. Master volume is world_volume
Info in <TGeoNavigator::BuildCache>: --- Maximum geometry depth set to 100
++++++++++++++++++++++++++++++++++++++++++++++++++++++++++++++++++++++++++++++++++++++++++++++++++++++++++++++++++++++++++++++
++  The usage of the factory: "Beampipe_o1_v01" is DEPRECATED due to naming conventions.                                    ++
++  Please use "DD4hep_Beampipe_o1_v01" instead.                                                                            ++
++++++++++++++++++++++++++++++++++++++++++++++++++++++++++++++++++++++++++++++++++++++++++++++++++++++++++++++++++++++++++++++
Info in <TGeoManager::CheckGeometry>: Fixing runtime shapes...
Info in <TGeoManager::CheckGeometry>: ...Nothing to fix
Info in <TGeoManager::CloseGeometry>: Counting nodes...
Info in <TGeoManager::Voxelize>: Voxelizing...
Info in <TGeoManager::CloseGeometry>: Building cache...
Info in <TGeoManager::CountLevels>: max level = 5, max placements = 1044
Info in <TGeoManager::CloseGeometry>: 411734 nodes/ 5904 volume UID's in Detector Geometry
Info in <TGeoManager::CloseGeometry>: ----------------modeler ready----------------
vertexline variance is negative: -0.000000
ref-point=(4.096483,8.839074,0.961849)
pos=(4.096483,8.839074,0.961849) at t=-0.000000
err=
[ -3087992042.611655, 260214378116.475677, -9800234.306054 ] 
[ 260214378116.475677, -21746460351887.085938, 805924904.731514 ] 
[ -9800234.306054, 805924904.731514, 1051953.130547 ] 
vertexline variance is negative: -79947526.069336
ref-point=(4.096483,8.839074,0.961849)
pos=(4.097376,8.841002,0.962090) at t=0.002139
err=
[ -3087992042.611655, 260214378116.475677, -9800234.306054 ] 
[ 260214378116.475677, -21746460351887.085938, 805924904.731514 ] 
[ -9800234.306054, 805924904.731514, 1051953.130547 ] 
vertexline variance is negative: -79928127.237521
ref-point=(4.096483,8.839074,0.961849)
pos=(4.095589,8.837146,0.961608) at t=-0.002138
err=
[ -3087992042.611655, 260214378116.475677, -9800234.306054 ] 
[ 260214378116.475677, -21746460351887.085938, 805924904.731514 ] 
[ -9800234.306054, 805924904.731514, 1051953.130547 ] 
vertexline variance is negative: -0.000000
ref-point=(4.096483,8.839074,0.961849)
pos=(4.096483,8.839074,0.961849) at t=-0.000000
err=
[ -3087992042.611655, 260214378116.475677, -9800234.306054 ] 
[ 260214378116.475677, -21746460351887.085938, 805924904.731514 ] 
[ -9800234.306054, 805924904.731514, 1051953.130547 ] 
vertexline variance is negative: -79947526.069336
ref-point=(4.096483,8.839074,0.961849)
pos=(4.097376,8.841002,0.962090) at t=0.002139
err=
[ -3087992042.611655, 260214378116.475677, -9800234.306054 ] 
[ 260214378116.475677, -21746460351887.085938, 805924904.731514 ] 
[ -9800234.306054, 805924904.731514, 1051953.130547 ] 
vertexline variance is negative: -79928127.237521
ref-point=(4.096483,8.839074,0.961849)
pos=(4.095589,8.837146,0.961608) at t=-0.002138
err=
[ -3087992042.611655, 260214378116.475677, -9800234.306054 ] 
[ 260214378116.475677, -21746460351887.085938, 805924904.731514 ] 
[ -9800234.306054, 805924904.731514, 1051953.130547 ] 
vertexline variance is negative: -8003485118.903418
ref-point=(4.096483,8.839074,0.961849)
pos=(4.105423,8.858366,0.964262) at t=0.021399
err=
[ -3087992042.611655, 260214378116.475677, -9800234.306054 ] 
[ 260214378116.475677, -21746460351887.085938, 805924904.731514 ] 
[ -9800234.306054, 805924904.731514, 1051953.130547 ] 
vertexline variance is negative: -7984086011.848696
ref-point=(4.096483,8.839074,0.961849)
pos=(4.087553,8.819806,0.959439) at t=-0.021373
err=
[ -3087992042.611655, 260214378116.475677, -9800234.306054 ] 
[ 260214378116.475677, -21746460351887.085938, 805924904.731514 ] 
[ -9800234.306054, 805924904.731514, 1051953.130547 ] 
vertexline variance is negative: -809107102247.499146
ref-point=(4.096483,8.839074,0.961849)
pos=(4.186375,9.033040,0.986110) at t=0.215156
err=
[ -3087992042.611655, 260214378116.475677, -9800234.306054 ] 
[ 260214378116.475677, -21746460351887.085938, 805924904.731514 ] 
[ -9800234.306054, 805924904.731514, 1051953.130547 ] 
vertexline variance is negative: -789707994906.359253
ref-point=(4.096483,8.839074,0.961849)
pos=(4.007675,8.647448,0.937881) at t=-0.212561
err=
[ -3087992042.611655, 260214378116.475677, -9800234.306054 ] 
[ 260214378116.475677, -21746460351887.085938, 805924904.731514 ] 
[ -9800234.306054, 805924904.731514, 1051953.130547 ] 
vertexline variance is negative: -89930101650410.750000
ref-point=(4.096483,8.839074,0.961849)
pos=(5.044184,10.883990,1.217620) at t=2.268311
err=
[ -3087992042.611655, 260214378116.475677, -9800234.306054 ] 
[ 260214378116.475677, -21746460351887.085938, 805924904.731514 ] 
[ -9800234.306054, 805924904.731514, 1051953.130547 ] 
vertexline variance is negative: -70531243677906.671875
ref-point=(4.096483,8.839074,0.961849)
pos=(3.257197,7.028094,0.735338) at t=-2.008819
err=
[ -3087992042.611655, 260214378116.475677, -9800234.306054 ] 
[ 260214378116.475677, -21746460351887.085938, 805924904.731514 ] 
[ -9800234.306054, 805924904.731514, 1051953.130547 ] 
vertexline variance is negative: -20606699802393940.000000
ref-point=(4.096483,8.839074,0.961849)
pos=(18.442229,39.793809,4.833558) at t=34.336368
err=
[ -3087992042.611655, 260214378116.475677, -9800234.306054 ] 
[ 260214378116.475677, -21746460351887.085938, 805924904.731514 ] 
[ -9800234.306054, 805924904.731514, 1051953.130547 ] 
vertexline variance is negative: -1232768684318581.750000
ref-point=(4.096483,8.839074,0.961849)
pos=(0.587674,1.267893,0.014872) at t=-8.398291
err=
[ -3087992042.611655, 260214378116.475677, -9800234.306054 ] 
[ 260214378116.475677, -21746460351887.085938, 805924904.731514 ] 
[ -9800234.306054, 805924904.731514, 1051953.130547 ] 
vertexline variance is negative: -0.000000
ref-point=(4.096483,8.839074,0.961849)
pos=(4.096483,8.839074,0.961849) at t=-0.000000
err=
[ -3087992042.611655, 260214378116.475677, -9800234.306054 ] 
[ 260214378116.475677, -21746460351887.085938, 805924904.731514 ] 
[ -9800234.306054, 805924904.731514, 1051953.130547 ] 
vertexline variance is negative: -30.879833
ref-point=(4.096583,8.839074,0.961849)
pos=(4.096483,8.839074,0.961849) at t=-0.000000
err=
[ -3087992042.611655, 260214378116.475677, -9800234.306054 ] 
[ 260214378116.475677, -21746460351887.085938, 805924904.731514 ] 
[ -9800234.306054, 805924904.731514, 1051953.130547 ] 
vertexline variance is negative: -80047347.521689
ref-point=(4.096583,8.839074,0.961849)
pos=(4.097376,8.841002,0.962090) at t=0.002139
err=
[ -3087992042.611655, 260214378116.475677, -9800234.306054 ] 
[ 260214378116.475677, -21746460351887.085938, 805924904.731514 ] 
[ -9800234.306054, 805924904.731514, 1051953.130547 ] 
vertexline variance is negative: -79828379.652562
ref-point=(4.096583,8.839074,0.961849)
pos=(4.095589,8.837146,0.961608) at t=-0.002138
err=
[ -3087992042.611655, 260214378116.475677, -9800234.306054 ] 
[ 260214378116.475677, -21746460351887.085938, 805924904.731514 ] 
[ -9800234.306054, 805924904.731514, 1051953.130547 ] 
vertexline variance is negative: -30.879833
ref-point=(4.096583,8.839074,0.961849)
pos=(4.096483,8.839074,0.961849) at t=-0.000000
err=
[ -3087992042.611655, 260214378116.475677, -9800234.306054 ] 
[ 260214378116.475677, -21746460351887.085938, 805924904.731514 ] 
[ -9800234.306054, 805924904.731514, 1051953.130547 ] 
vertexline variance is negative: -80047347.521689
ref-point=(4.096583,8.839074,0.961849)
pos=(4.097376,8.841002,0.962090) at t=0.002139
err=
[ -3087992042.611655, 260214378116.475677, -9800234.306054 ] 
[ 260214378116.475677, -21746460351887.085938, 805924904.731514 ] 
[ -9800234.306054, 805924904.731514, 1051953.130547 ] 
vertexline variance is negative: -79828379.652562
ref-point=(4.096583,8.839074,0.961849)
pos=(4.095589,8.837146,0.961608) at t=-0.002138
err=
[ -3087992042.611655, 260214378116.475677, -9800234.306054 ] 
[ 260214378116.475677, -21746460351887.085938, 805924904.731514 ] 
[ -9800234.306054, 805924904.731514, 1051953.130547 ] 
vertexline variance is negative: -8004483600.355384
ref-point=(4.096583,8.839074,0.961849)
pos=(4.105423,8.858366,0.964262) at t=0.021399
err=
[ -3087992042.611655, 260214378116.475677, -9800234.306054 ] 
[ 260214378116.475677, -21746460351887.085938, 805924904.731514 ] 
[ -9800234.306054, 805924904.731514, 1051953.130547 ] 
vertexline variance is negative: -7983088802.929147
ref-point=(4.096583,8.839074,0.961849)
pos=(4.087553,8.819806,0.959439) at t=-0.021373
err=
[ -3087992042.611655, 260214378116.475677, -9800234.306054 ] 
[ 260214378116.475677, -21746460351887.085938, 805924904.731514 ] 
[ -9800234.306054, 805924904.731514, 1051953.130547 ] 
vertexline variance is negative: -809117141268.016479
ref-point=(4.096583,8.839074,0.961849)
pos=(4.186375,9.033040,0.986110) at t=0.215156
err=
[ -3087992042.611655, 260214378116.475677, -9800234.306054 ] 
[ 260214378116.475677, -21746460351887.085938, 805924904.731514 ] 
[ -9800234.306054, 805924904.731514, 1051953.130547 ] 
vertexline variance is negative: -789698077024.871704
ref-point=(4.096583,8.839074,0.961849)
pos=(4.007675,8.647448,0.937881) at t=-0.212561
err=
[ -3087992042.611655, 260214378116.475677, -9800234.306054 ] 
[ 260214378116.475677, -21746460351887.085938, 805924904.731514 ] 
[ -9800234.306054, 805924904.731514, 1051953.130547 ] 
vertexline variance is negative: -89930207487933.984375
ref-point=(4.096583,8.839074,0.961849)
pos=(5.044184,10.883990,1.217620) at t=2.268311
err=
[ -3087992042.611655, 260214378116.475677, -9800234.306054 ] 
[ 260214378116.475677, -21746460351887.085938, 805924904.731514 ] 
[ -9800234.306054, 805924904.731514, 1051953.130547 ] 
vertexline variance is negative: -70531149948120.312500
ref-point=(4.096583,8.839074,0.961849)
pos=(3.257197,7.028094,0.735338) at t=-2.008819
err=
[ -3087992042.611655, 260214378116.475677, -9800234.306054 ] 
[ 260214378116.475677, -21746460351887.085938, 805924904.731514 ] 
[ -9800234.306054, 805924904.731514, 1051953.130547 ] 
vertexline variance is negative: -20606701404499872.000000
ref-point=(4.096583,8.839074,0.961849)
pos=(18.442229,39.793809,4.833558) at t=34.336368
err=
[ -3087992042.611655, 260214378116.475677, -9800234.306054 ] 
[ 260214378116.475677, -21746460351887.085938, 805924904.731514 ] 
[ -9800234.306054, 805924904.731514, 1051953.130547 ] 
vertexline variance is negative: -1232768292461444.000000
ref-point=(4.096583,8.839074,0.961849)
pos=(0.587674,1.267893,0.014872) at t=-8.398291
err=
[ -3087992042.611655, 260214378116.475677, -9800234.306054 ] 
[ 260214378116.475677, -21746460351887.085938, 805924904.731514 ] 
[ -9800234.306054, 805924904.731514, 1051953.130547 ] 
vertexline variance is negative: -30.879833
ref-point=(4.096583,8.839074,0.961849)
pos=(4.096483,8.839074,0.961849) at t=-0.000000
err=
[ -3087992042.611655, 260214378116.475677, -9800234.306054 ] 
[ 260214378116.475677, -21746460351887.085938, 805924904.731514 ] 
[ -9800234.306054, 805924904.731514, 1051953.130547 ] 
vertexline variance is negative: -30.880008
ref-point=(4.096383,8.839074,0.961849)
pos=(4.096483,8.839074,0.961849) at t=-0.000000
err=
[ -3087992042.611655, 260214378116.475677, -9800234.306054 ] 
[ 260214378116.475677, -21746460351887.085938, 805924904.731514 ] 
[ -9800234.306054, 805924904.731514, 1051953.130547 ] 
vertexline variance is negative: -79847766.376823
ref-point=(4.096383,8.839074,0.961849)
pos=(4.097376,8.841002,0.962090) at t=0.002139
err=
[ -3087992042.611655, 260214378116.475677, -9800234.306054 ] 
[ 260214378116.475677, -21746460351887.085938, 805924904.731514 ] 
[ -9800234.306054, 805924904.731514, 1051953.130547 ] 
vertexline variance is negative: -80027936.582321
ref-point=(4.096383,8.839074,0.961849)
pos=(4.095589,8.837146,0.961608) at t=-0.002138
err=
[ -3087992042.611655, 260214378116.475677, -9800234.306054 ] 
[ 260214378116.475677, -21746460351887.085938, 805924904.731514 ] 
[ -9800234.306054, 805924904.731514, 1051953.130547 ] 
vertexline variance is negative: -30.880008
ref-point=(4.096383,8.839074,0.961849)
pos=(4.096483,8.839074,0.961849) at t=-0.000000
err=
[ -3087992042.611655, 260214378116.475677, -9800234.306054 ] 
[ 260214378116.475677, -21746460351887.085938, 805924904.731514 ] 
[ -9800234.306054, 805924904.731514, 1051953.130547 ] 
vertexline variance is negative: -79847766.376823
ref-point=(4.096383,8.839074,0.961849)
pos=(4.097376,8.841002,0.962090) at t=0.002139
err=
[ -3087992042.611655, 260214378116.475677, -9800234.306054 ] 
[ 260214378116.475677, -21746460351887.085938, 805924904.731514 ] 
[ -9800234.306054, 805924904.731514, 1051953.130547 ] 
vertexline variance is negative: -80027936.582321
ref-point=(4.096383,8.839074,0.961849)
pos=(4.095589,8.837146,0.961608) at t=-0.002138
err=
[ -3087992042.611655, 260214378116.475677, -9800234.306054 ] 
[ 260214378116.475677, -21746460351887.085938, 805924904.731514 ] 
[ -9800234.306054, 805924904.731514, 1051953.130547 ] 
vertexline variance is negative: -8002486699.211291
ref-point=(4.096383,8.839074,0.961849)
pos=(4.105423,8.858366,0.964262) at t=0.021399
err=
[ -3087992042.611655, 260214378116.475677, -9800234.306054 ] 
[ 260214378116.475677, -21746460351887.085938, 805924904.731514 ] 
[ -9800234.306054, 805924904.731514, 1051953.130547 ] 
vertexline variance is negative: -7985083282.528085
ref-point=(4.096383,8.839074,0.961849)
pos=(4.087553,8.819806,0.959439) at t=-0.021373
err=
[ -3087992042.611655, 260214378116.475677, -9800234.306054 ] 
[ 260214378116.475677, -21746460351887.085938, 805924904.731514 ] 
[ -9800234.306054, 805924904.731514, 1051953.130547 ] 
vertexline variance is negative: -809097063288.741699
ref-point=(4.096383,8.839074,0.961849)
pos=(4.186375,9.033040,0.986110) at t=0.215156
err=
[ -3087992042.611655, 260214378116.475677, -9800234.306054 ] 
[ 260214378116.475677, -21746460351887.085938, 805924904.731514 ] 
[ -9800234.306054, 805924904.731514, 1051953.130547 ] 
vertexline variance is negative: -789717912849.606689
ref-point=(4.096383,8.839074,0.961849)
pos=(4.007675,8.647448,0.937881) at t=-0.212561
err=
[ -3087992042.611655, 260214378116.475677, -9800234.306054 ] 
[ 260214378116.475677, -21746460351887.085938, 805924904.731514 ] 
[ -9800234.306054, 805924904.731514, 1051953.130547 ] 
vertexline variance is negative: -89929995812949.265625
ref-point=(4.096383,8.839074,0.961849)
pos=(5.044184,10.883990,1.217620) at t=2.268311
err=
[ -3087992042.611655, 260214378116.475677, -9800234.306054 ] 
[ 260214378116.475677, -21746460351887.085938, 805924904.731514 ] 
[ -9800234.306054, 805924904.731514, 1051953.130547 ] 
vertexline variance is negative: -70531337407754.765625
ref-point=(4.096383,8.839074,0.961849)
pos=(3.257197,7.028094,0.735338) at t=-2.008819
err=
[ -3087992042.611655, 260214378116.475677, -9800234.306054 ] 
[ 260214378116.475677, -21746460351887.085938, 805924904.731514 ] 
[ -9800234.306054, 805924904.731514, 1051953.130547 ] 
vertexline variance is negative: -20606698200288060.000000
ref-point=(4.096383,8.839074,0.961849)
pos=(18.442229,39.793809,4.833558) at t=34.336368
err=
[ -3087992042.611655, 260214378116.475677, -9800234.306054 ] 
[ 260214378116.475677, -21746460351887.085938, 805924904.731514 ] 
[ -9800234.306054, 805924904.731514, 1051953.130547 ] 
vertexline variance is negative: -1232769076175781.000000
ref-point=(4.096383,8.839074,0.961849)
pos=(0.587674,1.267893,0.014872) at t=-8.398291
err=
[ -3087992042.611655, 260214378116.475677, -9800234.306054 ] 
[ 260214378116.475677, -21746460351887.085938, 805924904.731514 ] 
[ -9800234.306054, 805924904.731514, 1051953.130547 ] 
vertexline variance is negative: -30.880008
ref-point=(4.096383,8.839074,0.961849)
pos=(4.096483,8.839074,0.961849) at t=-0.000000
err=
[ -3087992042.611655, 260214378116.475677, -9800234.306054 ] 
[ 260214378116.475677, -21746460351887.085938, 805924904.731514 ] 
[ -9800234.306054, 805924904.731514, 1051953.130547 ] 
vertexline variance is negative: -217464.610827
ref-point=(4.096483,8.839174,0.961849)
pos=(4.096483,8.839074,0.961849) at t=-0.000000
err=
[ -3087992042.611655, 260214378116.475677, -9800234.306054 ] 
[ 260214378116.475677, -21746460351887.085938, 805924904.731514 ] 
[ -9800234.306054, 805924904.731514, 1051953.130547 ] 
vertexline variance is negative: -71825743.340342
ref-point=(4.096483,8.839174,0.961849)
pos=(4.097376,8.841002,0.962090) at t=0.002139
err=
[ -3087992042.611655, 260214378116.475677, -9800234.306054 ] 
[ 260214378116.475677, -21746460351887.085938, 805924904.731514 ] 
[ -9800234.306054, 805924904.731514, 1051953.130547 ] 
vertexline variance is negative: -88483827.375694
ref-point=(4.096483,8.839174,0.961849)
pos=(4.095589,8.837146,0.961608) at t=-0.002138
err=
[ -3087992042.611655, 260214378116.475677, -9800234.306054 ] 
[ 260214378116.475677, -21746460351887.085938, 805924904.731514 ] 
[ -9800234.306054, 805924904.731514, 1051953.130547 ] 
vertexline variance is negative: -217464.610827
ref-point=(4.096483,8.839174,0.961849)
pos=(4.096483,8.839074,0.961849) at t=-0.000000
err=
[ -3087992042.611655, 260214378116.475677, -9800234.306054 ] 
[ 260214378116.475677, -21746460351887.085938, 805924904.731514 ] 
[ -9800234.306054, 805924904.731514, 1051953.130547 ] 
vertexline variance is negative: -71825743.340342
ref-point=(4.096483,8.839174,0.961849)
pos=(4.097376,8.841002,0.962090) at t=0.002139
err=
[ -3087992042.611655, 260214378116.475677, -9800234.306054 ] 
[ 260214378116.475677, -21746460351887.085938, 805924904.731514 ] 
[ -9800234.306054, 805924904.731514, 1051953.130547 ] 
vertexline variance is negative: -88483827.375694
ref-point=(4.096483,8.839174,0.961849)
pos=(4.095589,8.837146,0.961608) at t=-0.002138
err=
[ -3087992042.611655, 260214378116.475677, -9800234.306054 ] 
[ 260214378116.475677, -21746460351887.085938, 805924904.731514 ] 
[ -9800234.306054, 805924904.731514, 1051953.130547 ] 
vertexline variance is negative: -7920264578.627618
ref-point=(4.096483,8.839174,0.961849)
pos=(4.105423,8.858366,0.964262) at t=0.021399
err=
[ -3087992042.611655, 260214378116.475677, -9800234.306054 ] 
[ 260214378116.475677, -21746460351887.085938, 805924904.731514 ] 
[ -9800234.306054, 805924904.731514, 1051953.130547 ] 
vertexline variance is negative: -8067640300.110281
ref-point=(4.096483,8.839174,0.961849)
pos=(4.087553,8.819806,0.959439) at t=-0.021373
err=
[ -3087992042.611655, 260214378116.475677, -9800234.306054 ] 
[ 260214378116.475677, -21746460351887.085938, 805924904.731514 ] 
[ -9800234.306054, 805924904.731514, 1051953.130547 ] 
vertexline variance is negative: -808268386579.310791
ref-point=(4.096483,8.839174,0.961849)
pos=(4.186375,9.033040,0.986110) at t=0.215156
err=
[ -3087992042.611655, 260214378116.475677, -9800234.306054 ] 
[ 260214378116.475677, -21746460351887.085938, 805924904.731514 ] 
[ -9800234.306054, 805924904.731514, 1051953.130547 ] 
vertexline variance is negative: -790537027380.613037
ref-point=(4.096483,8.839174,0.961849)
pos=(4.007675,8.647448,0.937881) at t=-0.212561
err=
[ -3087992042.611655, 260214378116.475677, -9800234.306054 ] 
[ 260214378116.475677, -21746460351887.085938, 805924904.731514 ] 
[ -9800234.306054, 805924904.731514, 1051953.130547 ] 
vertexline variance is negative: -89921257294642.953125
ref-point=(4.096483,8.839174,0.961849)
pos=(5.044184,10.883990,1.217620) at t=2.268311
err=
[ -3087992042.611655, 260214378116.475677, -9800234.306054 ] 
[ 260214378116.475677, -21746460351887.085938, 805924904.731514 ] 
[ -9800234.306054, 805924904.731514, 1051953.130547 ] 
vertexline variance is negative: -70539076660624.000000
ref-point=(4.096483,8.839174,0.961849)
pos=(3.257197,7.028094,0.735338) at t=-2.008819
err=
[ -3087992042.611655, 260214378116.475677, -9800234.306054 ] 
[ 260214378116.475677, -21746460351887.085938, 805924904.731514 ] 
[ -9800234.306054, 805924904.731514, 1051953.130547 ] 
vertexline variance is negative: -20606565918647432.000000
ref-point=(4.096483,8.839174,0.961849)
pos=(18.442229,39.793809,4.833558) at t=34.336368
err=
[ -3087992042.611655, 260214378116.475677, -9800234.306054 ] 
[ 260214378116.475677, -21746460351887.085938, 805924904.731514 ] 
[ -9800234.306054, 805924904.731514, 1051953.130547 ] 
vertexline variance is negative: -1232801431054757.250000
ref-point=(4.096483,8.839174,0.961849)
pos=(0.587674,1.267893,0.014872) at t=-8.398291
err=
[ -3087992042.611655, 260214378116.475677, -9800234.306054 ] 
[ 260214378116.475677, -21746460351887.085938, 805924904.731514 ] 
[ -9800234.306054, 805924904.731514, 1051953.130547 ] 
vertexline variance is negative: -217464.610827
ref-point=(4.096483,8.839174,0.961849)
pos=(4.096483,8.839074,0.961849) at t=-0.000000
err=
[ -3087992042.611655, 260214378116.475677, -9800234.306054 ] 
[ 260214378116.475677, -21746460351887.085938, 805924904.731514 ] 
[ -9800234.306054, 805924904.731514, 1051953.130547 ] 
vertexline variance is negative: -217464.596208
ref-point=(4.096483,8.838974,0.961849)
pos=(4.096483,8.839074,0.961849) at t=-0.000000
err=
[ -3087992042.611655, 260214378116.475677, -9800234.306054 ] 
[ 260214378116.475677, -21746460351887.085938, 805924904.731514 ] 
[ -9800234.306054, 805924904.731514, 1051953.130547 ] 
vertexline variance is negative: -88504238.005365
ref-point=(4.096483,8.838974,0.961849)
pos=(4.097376,8.841002,0.962090) at t=0.002139
err=
[ -3087992042.611655, 260214378116.475677, -9800234.306054 ] 
[ 260214378116.475677, -21746460351887.085938, 805924904.731514 ] 
[ -9800234.306054, 805924904.731514, 1051953.130547 ] 
vertexline variance is negative: -71807356.306383
ref-point=(4.096483,8.838974,0.961849)
pos=(4.095589,8.837146,0.961608) at t=-0.002138
err=
[ -3087992042.611655, 260214378116.475677, -9800234.306054 ] 
[ 260214378116.475677, -21746460351887.085938, 805924904.731514 ] 
[ -9800234.306054, 805924904.731514, 1051953.130547 ] 
vertexline variance is negative: -217464.596208
ref-point=(4.096483,8.838974,0.961849)
pos=(4.096483,8.839074,0.961849) at t=-0.000000
err=
[ -3087992042.611655, 260214378116.475677, -9800234.306054 ] 
[ 260214378116.475677, -21746460351887.085938, 805924904.731514 ] 
[ -9800234.306054, 805924904.731514, 1051953.130547 ] 
vertexline variance is negative: -88504238.005365
ref-point=(4.096483,8.838974,0.961849)
pos=(4.097376,8.841002,0.962090) at t=0.002139
err=
[ -3087992042.611655, 260214378116.475677, -9800234.306054 ] 
[ 260214378116.475677, -21746460351887.085938, 805924904.731514 ] 
[ -9800234.306054, 805924904.731514, 1051953.130547 ] 
vertexline variance is negative: -71807356.306383
ref-point=(4.096483,8.838974,0.961849)
pos=(4.095589,8.837146,0.961608) at t=-0.002138
err=
[ -3087992042.611655, 260214378116.475677, -9800234.306054 ] 
[ 260214378116.475677, -21746460351887.085938, 805924904.731514 ] 
[ -9800234.306054, 805924904.731514, 1051953.130547 ] 
vertexline variance is negative: -8087140588.386252
ref-point=(4.096483,8.838974,0.961849)
pos=(4.105423,8.858366,0.964262) at t=0.021399
err=
[ -3087992042.611655, 260214378116.475677, -9800234.306054 ] 
[ 260214378116.475677, -21746460351887.085938, 805924904.731514 ] 
[ -9800234.306054, 805924904.731514, 1051953.130547 ] 
vertexline variance is negative: -7900966652.794147
ref-point=(4.096483,8.838974,0.961849)
pos=(4.087553,8.819806,0.959439) at t=-0.021373
err=
[ -3087992042.611655, 260214378116.475677, -9800234.306054 ] 
[ 260214378116.475677, -21746460351887.085938, 805924904.731514 ] 
[ -9800234.306054, 805924904.731514, 1051953.130547 ] 
vertexline variance is negative: -809946252844.894409
ref-point=(4.096483,8.838974,0.961849)
pos=(4.186375,9.033040,0.986110) at t=0.215156
err=
[ -3087992042.611655, 260214378116.475677, -9800234.306054 ] 
[ 260214378116.475677, -21746460351887.085938, 805924904.731514 ] 
[ -9800234.306054, 805924904.731514, 1051953.130547 ] 
vertexline variance is negative: -788879397361.312500
ref-point=(4.096483,8.838974,0.961849)
pos=(4.007675,8.647448,0.937881) at t=-0.212561
err=
[ -3087992042.611655, 260214378116.475677, -9800234.306054 ] 
[ 260214378116.475677, -21746460351887.085938, 805924904.731514 ] 
[ -9800234.306054, 805924904.731514, 1051953.130547 ] 
vertexline variance is negative: -89938946441107.765625
ref-point=(4.096483,8.838974,0.961849)
pos=(5.044184,10.883990,1.217620) at t=2.268311
err=
[ -3087992042.611655, 260214378116.475677, -9800234.306054 ] 
[ 260214378116.475677, -21746460351887.085938, 805924904.731514 ] 
[ -9800234.306054, 805924904.731514, 1051953.130547 ] 
vertexline variance is negative: -70523411130118.515625
ref-point=(4.096483,8.838974,0.961849)
pos=(3.257197,7.028094,0.735338) at t=-2.008819
err=
[ -3087992042.611655, 260214378116.475677, -9800234.306054 ] 
[ 260214378116.475677, -21746460351887.085938, 805924904.731514 ] 
[ -9800234.306054, 805924904.731514, 1051953.130547 ] 
vertexline variance is negative: -20606833686575364.000000
ref-point=(4.096483,8.838974,0.961849)
pos=(18.442229,39.793809,4.833558) at t=34.336368
err=
[ -3087992042.611655, 260214378116.475677, -9800234.306054 ] 
[ 260214378116.475677, -21746460351887.085938, 805924904.731514 ] 
[ -9800234.306054, 805924904.731514, 1051953.130547 ] 
vertexline variance is negative: -1232735938017335.000000
ref-point=(4.096483,8.838974,0.961849)
pos=(0.587674,1.267893,0.014872) at t=-8.398291
err=
[ -3087992042.611655, 260214378116.475677, -9800234.306054 ] 
[ 260214378116.475677, -21746460351887.085938, 805924904.731514 ] 
[ -9800234.306054, 805924904.731514, 1051953.130547 ] 
vertexline variance is negative: -217464.596208
ref-point=(4.096483,8.838974,0.961849)
pos=(4.096483,8.839074,0.961849) at t=-0.000000
err=
[ -3087992042.611655, 260214378116.475677, -9800234.306054 ] 
[ 260214378116.475677, -21746460351887.085938, 805924904.731514 ] 
[ -9800234.306054, 805924904.731514, 1051953.130547 ] 
vertexline variance is negative: -799418.781733
ref-point=(4.096483,8.839074,0.961949)
pos=(4.096572,8.839267,0.961873) at t=0.000214
err=
[ -3087992042.611655, 260214378116.475677, -9800234.306054 ] 
[ 260214378116.475677, -21746460351887.085938, 805924904.731514 ] 
[ -9800234.306054, 805924904.731514, 1051953.130547 ] 
vertexline variance is negative: -799337.601061
ref-point=(4.096483,8.839074,0.961949)
pos=(4.096393,8.838882,0.961825) at t=-0.000214
err=
[ -3087992042.611655, 260214378116.475677, -9800234.306054 ] 
[ 260214378116.475677, -21746460351887.085938, 805924904.731514 ] 
[ -9800234.306054, 805924904.731514, 1051953.130547 ] 
vertexline variance is negative: -799418.844029
ref-point=(4.096483,8.839074,0.961949)
pos=(4.096572,8.839267,0.961873) at t=0.000214
err=
[ -3087992042.611655, 260214378116.475677, -9800234.306054 ] 
[ 260214378116.475677, -21746460351887.085938, 805924904.731514 ] 
[ -9800234.306054, 805924904.731514, 1051953.130547 ] 
vertexline variance is negative: -799337.663369
ref-point=(4.096483,8.839074,0.961949)
pos=(4.096393,8.838882,0.961825) at t=-0.000214
err=
[ -3087992042.611655, 260214378116.475677, -9800234.306054 ] 
[ 260214378116.475677, -21746460351887.085938, 805924904.731514 ] 
[ -9800234.306054, 805924904.731514, 1051953.130547 ] 
vertexline variance is negative: -799356.969691
ref-point=(4.096483,8.839074,0.961749)
pos=(4.096572,8.839267,0.961873) at t=0.000214
err=
[ -3087992042.611655, 260214378116.475677, -9800234.306054 ] 
[ 260214378116.475677, -21746460351887.085938, 805924904.731514 ] 
[ -9800234.306054, 805924904.731514, 1051953.130547 ] 
vertexline variance is negative: -799399.412354
ref-point=(4.096483,8.839074,0.961749)
pos=(4.096393,8.838882,0.961825) at t=-0.000214
err=
[ -3087992042.611655, 260214378116.475677, -9800234.306054 ] 
[ 260214378116.475677, -21746460351887.085938, 805924904.731514 ] 
[ -9800234.306054, 805924904.731514, 1051953.130547 ] 
vertexline variance is negative: -799357.031985
ref-point=(4.096483,8.839074,0.961749)
pos=(4.096572,8.839267,0.961873) at t=0.000214
err=
[ -3087992042.611655, 260214378116.475677, -9800234.306054 ] 
[ 260214378116.475677, -21746460351887.085938, 805924904.731514 ] 
[ -9800234.306054, 805924904.731514, 1051953.130547 ] 
vertexline variance is negative: -799399.474665
ref-point=(4.096483,8.839074,0.961749)
pos=(4.096393,8.838882,0.961825) at t=-0.000214
err=
[ -3087992042.611655, 260214378116.475677, -9800234.306054 ] 
[ 260214378116.475677, -21746460351887.085938, 805924904.731514 ] 
[ -9800234.306054, 805924904.731514, 1051953.130547 ] 
vertexline variance is negative: -799356.969691
ref-point=(4.096483,8.839074,0.961749)
pos=(4.096572,8.839267,0.961873) at t=0.000214
err=
[ -3087992042.611655, 260214378116.475677, -9800234.306054 ] 
[ 260214378116.475677, -21746460351887.085938, 805924904.731514 ] 
[ -9800234.306054, 805924904.731514, 1051953.130547 ] 
vertexline variance is negative: -799399.412354
ref-point=(4.096483,8.839074,0.961749)
pos=(4.096393,8.838882,0.961825) at t=-0.000214
err=
[ -3087992042.611655, 260214378116.475677, -9800234.306054 ] 
[ 260214378116.475677, -21746460351887.085938, 805924904.731514 ] 
[ -9800234.306054, 805924904.731514, 1051953.130547 ] 
vertexline variance is negative: -799357.031985
ref-point=(4.096483,8.839074,0.961749)
pos=(4.096572,8.839267,0.961873) at t=0.000214
err=
[ -3087992042.611655, 260214378116.475677, -9800234.306054 ] 
[ 260214378116.475677, -21746460351887.085938, 805924904.731514 ] 
[ -9800234.306054, 805924904.731514, 1051953.130547 ] 
vertexline variance is negative: -799399.474665
ref-point=(4.096483,8.839074,0.961749)
pos=(4.096393,8.838882,0.961825) at t=-0.000214
err=
[ -3087992042.611655, 260214378116.475677, -9800234.306054 ] 
[ 260214378116.475677, -21746460351887.085938, 805924904.731514 ] 
[ -9800234.306054, 805924904.731514, 1051953.130547 ] 
vertexline variance is negative: -799233.093138
ref-point=(4.096483,8.839074,0.961349)
pos=(4.096572,8.839267,0.961873) at t=0.000214
err=
[ -3087992042.611655, 260214378116.475677, -9800234.306054 ] 
[ 260214378116.475677, -21746460351887.085938, 805924904.731514 ] 
[ -9800234.306054, 805924904.731514, 1051953.130547 ] 
vertexline variance is negative: -799522.782472
ref-point=(4.096483,8.839074,0.961349)
pos=(4.096393,8.838882,0.961825) at t=-0.000214
err=
[ -3087992042.611655, 260214378116.475677, -9800234.306054 ] 
[ 260214378116.475677, -21746460351887.085938, 805924904.731514 ] 
[ -9800234.306054, 805924904.731514, 1051953.130547 ] 
vertexline variance is negative: -799233.155427
ref-point=(4.096483,8.839074,0.961349)
pos=(4.096572,8.839267,0.961873) at t=0.000214
err=
[ -3087992042.611655, 260214378116.475677, -9800234.306054 ] 
[ 260214378116.475677, -21746460351887.085938, 805924904.731514 ] 
[ -9800234.306054, 805924904.731514, 1051953.130547 ] 
vertexline variance is negative: -799522.844787
ref-point=(4.096483,8.839074,0.961349)
pos=(4.096393,8.838882,0.961825) at t=-0.000214
err=
[ -3087992042.611655, 260214378116.475677, -9800234.306054 ] 
[ 260214378116.475677, -21746460351887.085938, 805924904.731514 ] 
[ -9800234.306054, 805924904.731514, 1051953.130547 ] 
vertexline variance is negative: -799295.073493
ref-point=(4.096483,8.839074,0.961549)
pos=(4.096572,8.839267,0.961873) at t=0.000214
err=
[ -3087992042.611655, 260214378116.475677, -9800234.306054 ] 
[ 260214378116.475677, -21746460351887.085938, 805924904.731514 ] 
[ -9800234.306054, 805924904.731514, 1051953.130547 ] 
vertexline variance is negative: -799461.139491
ref-point=(4.096483,8.839074,0.961549)
pos=(4.096393,8.838882,0.961825) at t=-0.000214
err=
[ -3087992042.611655, 260214378116.475677, -9800234.306054 ] 
[ 260214378116.475677, -21746460351887.085938, 805924904.731514 ] 
[ -9800234.306054, 805924904.731514, 1051953.130547 ] 
vertexline variance is negative: -799295.135784
ref-point=(4.096483,8.839074,0.961549)
pos=(4.096572,8.839267,0.961873) at t=0.000214
err=
[ -3087992042.611655, 260214378116.475677, -9800234.306054 ] 
[ 260214378116.475677, -21746460351887.085938, 805924904.731514 ] 
[ -9800234.306054, 805924904.731514, 1051953.130547 ] 
vertexline variance is negative: -799461.201804
ref-point=(4.096483,8.839074,0.961549)
pos=(4.096393,8.838882,0.961825) at t=-0.000214
err=
[ -3087992042.611655, 260214378116.475677, -9800234.306054 ] 
[ 260214378116.475677, -21746460351887.085938, 805924904.731514 ] 
[ -9800234.306054, 805924904.731514, 1051953.130547 ] 
vertexline variance is negative: -0.000000
ref-point=(4.096483,8.839074,0.961849)
pos=(4.096483,8.839074,0.961849) at t=-0.000000
err=
[ -3087992042.611655, 260214378116.475677, -9800234.306054 ] 
[ 260214378116.475677, -21746460351887.085938, 805924904.731514 ] 
[ -9800234.306054, 805924904.731514, 1051953.130547 ] 
vertexline variance is negative: -79947526.065371
ref-point=(4.096483,8.839074,0.961849)
pos=(4.097376,8.841002,0.962090) at t=0.002139
err=
[ -3087992042.611655, 260214378116.475677, -9800234.306054 ] 
[ 260214378116.475677, -21746460351887.085938, 805924904.731514 ] 
[ -9800234.306054, 805924904.731514, 1051953.130547 ] 
vertexline variance is negative: -79928127.241485
ref-point=(4.096483,8.839074,0.961849)
pos=(4.095589,8.837146,0.961608) at t=-0.002138
err=
[ -3087992042.611655, 260214378116.475677, -9800234.306054 ] 
[ 260214378116.475677, -21746460351887.085938, 805924904.731514 ] 
[ -9800234.306054, 805924904.731514, 1051953.130547 ] 
vertexline variance is negative: -0.000000
ref-point=(4.096483,8.839074,0.961849)
pos=(4.096483,8.839074,0.961849) at t=-0.000000
err=
[ -3087992042.611655, 260214378116.475677, -9800234.306054 ] 
[ 260214378116.475677, -21746460351887.085938, 805924904.731514 ] 
[ -9800234.306054, 805924904.731514, 1051953.130547 ] 
vertexline variance is negative: -79947526.065371
ref-point=(4.096483,8.839074,0.961849)
pos=(4.097376,8.841002,0.962090) at t=0.002139
err=
[ -3087992042.611655, 260214378116.475677, -9800234.306054 ] 
[ 260214378116.475677, -21746460351887.085938, 805924904.731514 ] 
[ -9800234.306054, 805924904.731514, 1051953.130547 ] 
vertexline variance is negative: -79928127.241485
ref-point=(4.096483,8.839074,0.961849)
pos=(4.095589,8.837146,0.961608) at t=-0.002138
err=
[ -3087992042.611655, 260214378116.475677, -9800234.306054 ] 
[ 260214378116.475677, -21746460351887.085938, 805924904.731514 ] 
[ -9800234.306054, 805924904.731514, 1051953.130547 ] 
vertexline variance is negative: -8003485118.863747
ref-point=(4.096483,8.839074,0.961849)
pos=(4.105423,8.858366,0.964262) at t=0.021399
err=
[ -3087992042.611655, 260214378116.475677, -9800234.306054 ] 
[ 260214378116.475677, -21746460351887.085938, 805924904.731514 ] 
[ -9800234.306054, 805924904.731514, 1051953.130547 ] 
vertexline variance is negative: -7984086011.888316
ref-point=(4.096483,8.839074,0.961849)
pos=(4.087553,8.819806,0.959439) at t=-0.021373
err=
[ -3087992042.611655, 260214378116.475677, -9800234.306054 ] 
[ 260214378116.475677, -21746460351887.085938, 805924904.731514 ] 
[ -9800234.306054, 805924904.731514, 1051953.130547 ] 
vertexline variance is negative: -809107102247.100342
ref-point=(4.096483,8.839074,0.961849)
pos=(4.186375,9.033040,0.986110) at t=0.215156
err=
[ -3087992042.611655, 260214378116.475677, -9800234.306054 ] 
[ 260214378116.475677, -21746460351887.085938, 805924904.731514 ] 
[ -9800234.306054, 805924904.731514, 1051953.130547 ] 
vertexline variance is negative: -789707994906.753296
ref-point=(4.096483,8.839074,0.961849)
pos=(4.007675,8.647448,0.937881) at t=-0.212561
err=
[ -3087992042.611655, 260214378116.475677, -9800234.306054 ] 
[ 260214378116.475677, -21746460351887.085938, 805924904.731514 ] 
[ -9800234.306054, 805924904.731514, 1051953.130547 ] 
vertexline variance is negative: -89930101650406.546875
ref-point=(4.096483,8.839074,0.961849)
pos=(5.044184,10.883990,1.217620) at t=2.268311
err=
[ -3087992042.611655, 260214378116.475677, -9800234.306054 ] 
[ 260214378116.475677, -21746460351887.085938, 805924904.731514 ] 
[ -9800234.306054, 805924904.731514, 1051953.130547 ] 
vertexline variance is negative: -70531243677910.375000
ref-point=(4.096483,8.839074,0.961849)
pos=(3.257197,7.028094,0.735338) at t=-2.008819
err=
[ -3087992042.611655, 260214378116.475677, -9800234.306054 ] 
[ 260214378116.475677, -21746460351887.085938, 805924904.731514 ] 
[ -9800234.306054, 805924904.731514, 1051953.130547 ] 
vertexline variance is negative: -20606699802393876.000000
ref-point=(4.096483,8.839074,0.961849)
pos=(18.442229,39.793809,4.833558) at t=34.336368
err=
[ -3087992042.611655, 260214378116.475677, -9800234.306054 ] 
[ 260214378116.475677, -21746460351887.085938, 805924904.731514 ] 
[ -9800234.306054, 805924904.731514, 1051953.130547 ] 
vertexline variance is negative: -1232768684318597.000000
ref-point=(4.096483,8.839074,0.961849)
pos=(0.587674,1.267893,0.014872) at t=-8.398291
err=
[ -3087992042.611655, 260214378116.475677, -9800234.306054 ] 
[ 260214378116.475677, -21746460351887.085938, 805924904.731514 ] 
[ -9800234.306054, 805924904.731514, 1051953.130547 ] 
vertexline variance is negative: -0.000000
ref-point=(4.096483,8.839074,0.961849)
pos=(4.096483,8.839074,0.961849) at t=-0.000000
err=
[ -3087992042.611655, 260214378116.475677, -9800234.306054 ] 
[ 260214378116.475677, -21746460351887.085938, 805924904.731514 ] 
[ -9800234.306054, 805924904.731514, 1051953.130547 ] 
vertexline variance is negative: -799372.430393
ref-point=(4.096483,8.839074,0.961799)
pos=(4.096572,8.839267,0.961873) at t=0.000214
err=
[ -3087992042.611655, 260214378116.475677, -9800234.306054 ] 
[ 260214378116.475677, -21746460351887.085938, 805924904.731514 ] 
[ -9800234.306054, 805924904.731514, 1051953.130547 ] 
vertexline variance is negative: -799383.967619
ref-point=(4.096483,8.839074,0.961799)
pos=(4.096393,8.838882,0.961825) at t=-0.000214
err=
[ -3087992042.611655, 260214378116.475677, -9800234.306054 ] 
[ 260214378116.475677, -21746460351887.085938, 805924904.731514 ] 
[ -9800234.306054, 805924904.731514, 1051953.130547 ] 
vertexline variance is negative: -799372.492687
ref-point=(4.096483,8.839074,0.961799)
pos=(4.096572,8.839267,0.961873) at t=0.000214
err=
[ -3087992042.611655, 260214378116.475677, -9800234.306054 ] 
[ 260214378116.475677, -21746460351887.085938, 805924904.731514 ] 
[ -9800234.306054, 805924904.731514, 1051953.130547 ] 
vertexline variance is negative: -799384.029929
ref-point=(4.096483,8.839074,0.961799)
pos=(4.096393,8.838882,0.961825) at t=-0.000214
err=
[ -3087992042.611655, 260214378116.475677, -9800234.306054 ] 
[ 260214378116.475677, -21746460351887.085938, 805924904.731514 ] 
[ -9800234.306054, 805924904.731514, 1051953.130547 ] 
vertexline variance is negative: -0.000000
ref-point=(4.096483,8.839074,0.961849)
pos=(4.096483,8.839074,0.961849) at t=-0.000000
err=
[ -3087992042.611655, 260214378116.475677, -9800234.306054 ] 
[ 260214378116.475677, -21746460351887.085938, 805924904.731514 ] 
[ -9800234.306054, 805924904.731514, 1051953.130547 ] 
vertexline variance is negative: -79947526.065368
ref-point=(4.096483,8.839074,0.961849)
pos=(4.097376,8.841002,0.962090) at t=0.002139
err=
[ -3087992042.611655, 260214378116.475677, -9800234.306054 ] 
[ 260214378116.475677, -21746460351887.085938, 805924904.731514 ] 
[ -9800234.306054, 805924904.731514, 1051953.130547 ] 
vertexline variance is negative: -79928127.241489
ref-point=(4.096483,8.839074,0.961849)
pos=(4.095589,8.837146,0.961608) at t=-0.002138
err=
[ -3087992042.611655, 260214378116.475677, -9800234.306054 ] 
[ 260214378116.475677, -21746460351887.085938, 805924904.731514 ] 
[ -9800234.306054, 805924904.731514, 1051953.130547 ] 
vertexline variance is negative: -0.000000
ref-point=(4.096483,8.839074,0.961849)
pos=(4.096483,8.839074,0.961849) at t=-0.000000
err=
[ -3087992042.611655, 260214378116.475677, -9800234.306054 ] 
[ 260214378116.475677, -21746460351887.085938, 805924904.731514 ] 
[ -9800234.306054, 805924904.731514, 1051953.130547 ] 
vertexline variance is negative: -79947526.065368
ref-point=(4.096483,8.839074,0.961849)
