Error in <TSystem::ExpandFileName>: input: $HOME/.root.mimes, output: $HOME/.root.mimes
Info in <TGeoManager::TGeoManager>: Geometry default, Detector Geometry created
Info in <TGeoManager::SetTopVolume>: Top volume is world_volume. Master volume is world_volume
Info in <TGeoNavigator::BuildCache>: --- Maximum geometry depth set to 100
++++++++++++++++++++++++++++++++++++++++++++++++++++++++++++++++++++++++++++++++++++++++++++++++++++++++++++++++++++++++++++++
++  The usage of the factory: "Beampipe_o1_v01" is DEPRECATED due to naming conventions.                                    ++
++  Please use "DD4hep_Beampipe_o1_v01" instead.                                                                            ++
++++++++++++++++++++++++++++++++++++++++++++++++++++++++++++++++++++++++++++++++++++++++++++++++++++++++++++++++++++++++++++++
Info in <TGeoManager::CheckGeometry>: Fixing runtime shapes...
Info in <TGeoManager::CheckGeometry>: ...Nothing to fix
Info in <TGeoManager::CloseGeometry>: Counting nodes...
Info in <TGeoManager::Voxelize>: Voxelizing...
Info in <TGeoManager::CloseGeometry>: Building cache...
Info in <TGeoManager::CountLevels>: max level = 5, max placements = 1044
Info in <TGeoManager::CloseGeometry>: 411734 nodes/ 5904 volume UID's in Detector Geometry
Info in <TGeoManager::CloseGeometry>: ----------------modeler ready----------------
vertexline variance is negative: -0.000000
ref-point=(2.173405,-5.241915,-13.375922)
pos=(2.173405,-5.241915,-13.375922) at t=-0.000000
err=
[ -320201.100874, -54381153.660950, 8061134.500654 ] 
[ -54381153.660950, -9235760368.610649, 1369053459.575641 ] 
[ 8061134.500654, 1369053459.575641, -202940233.497992 ] 
vertexline variance is negative: -3031.088808
ref-point=(2.173405,-5.241915,-13.375922)
pos=(2.173794,-5.242854,-13.378373) at t=0.002653
err=
[ -320201.100874, -54381153.660950, 8061134.500654 ] 
[ -54381153.660950, -9235760368.610649, 1369053459.575641 ] 
[ 8061134.500654, 1369053459.575641, -202940233.497992 ] 
vertexline variance is negative: -3030.507805
ref-point=(2.173405,-5.241915,-13.375922)
pos=(2.173016,-5.240977,-13.373472) at t=-0.002652
err=
[ -320201.100874, -54381153.660950, 8061134.500654 ] 
[ -54381153.660950, -9235760368.610649, 1369053459.575641 ] 
[ 8061134.500654, 1369053459.575641, -202940233.497992 ] 
vertexline variance is negative: -0.000000
ref-point=(2.173405,-5.241915,-13.375922)
pos=(2.173405,-5.241915,-13.375922) at t=-0.000000
err=
[ -320201.100874, -54381153.660950, 8061134.500654 ] 
[ -54381153.660950, -9235760368.610649, 1369053459.575641 ] 
[ 8061134.500654, 1369053459.575641, -202940233.497992 ] 
vertexline variance is negative: -3031.088808
ref-point=(2.173405,-5.241915,-13.375922)
pos=(2.173794,-5.242854,-13.378373) at t=0.002653
err=
[ -320201.100874, -54381153.660950, 8061134.500654 ] 
[ -54381153.660950, -9235760368.610649, 1369053459.575641 ] 
[ 8061134.500654, 1369053459.575641, -202940233.497992 ] 
vertexline variance is negative: -3030.507805
ref-point=(2.173405,-5.241915,-13.375922)
pos=(2.173016,-5.240977,-13.373472) at t=-0.002652
err=
[ -320201.100874, -54381153.660950, 8061134.500654 ] 
[ -54381153.660950, -9235760368.610649, 1369053459.575641 ] 
[ 8061134.500654, 1369053459.575641, -202940233.497992 ] 
vertexline variance is negative: -303370.402973
ref-point=(2.173405,-5.241915,-13.375922)
pos=(2.177297,-5.251304,-13.400437) at t=0.026538
err=
[ -320201.100874, -54381153.660950, 8061134.500654 ] 
[ -54381153.660950, -9235760368.610649, 1369053459.575641 ] 
[ 8061134.500654, 1369053459.575641, -202940233.497992 ] 
vertexline variance is negative: -302789.395152
ref-point=(2.173405,-5.241915,-13.375922)
pos=(2.169516,-5.232536,-13.351431) at t=-0.026513
err=
[ -320201.100874, -54381153.660950, 8061134.500654 ] 
[ -54381153.660950, -9235760368.610649, 1369053459.575641 ] 
[ 8061134.500654, 1369053459.575641, -202940233.497992 ] 
vertexline variance is negative: -30599177.877852
ref-point=(2.173405,-5.241915,-13.375922)
pos=(2.212496,-5.336201,-13.622128) at t=0.266524
err=
[ -320201.100874, -54381153.660950, 8061134.500654 ] 
[ -54381153.660950, -9235760368.610649, 1369053459.575641 ] 
[ 8061134.500654, 1369053459.575641, -202940233.497992 ] 
vertexline variance is negative: -30018170.075983
ref-point=(2.173405,-5.241915,-13.375922)
pos=(2.134687,-5.148529,-13.132066) at t=-0.263982
err=
[ -320201.100874, -54381153.660950, 8061134.500654 ] 
[ -54381153.660950, -9235760368.610649, 1369053459.575641 ] 
[ 8061134.500654, 1369053459.575641, -202940233.497992 ] 
vertexline variance is negative: -3328208285.247579
ref-point=(2.173405,-5.241915,-13.375922)
pos=(2.581096,-6.225240,-15.943645) at t=2.779630
err=
[ -320201.100874, -54381153.660950, 8061134.500654 ] 
[ -54381153.660950, -9235760368.610649, 1369053459.575641 ] 
[ 8061134.500654, 1369053459.575641, -202940233.497992 ] 
vertexline variance is negative: -2747207805.060325
ref-point=(2.173405,-5.241915,-13.375922)
pos=(1.803004,-4.348532,-11.043062) at t=-2.525384
err=
[ -320201.100874, -54381153.660950, 8061134.500654 ] 
[ -54381153.660950, -9235760368.610649, 1369053459.575641 ] 
[ 8061134.500654, 1369053459.575641, -202940233.497992 ] 
vertexline variance is negative: -662253483667.902832
ref-point=(2.173405,-5.241915,-13.375922)
pos=(7.924337,-19.112795,-49.596471) at t=39.209727
err=
[ -320201.100874, -54381153.660950, 8061134.500654 ] 
[ -54381153.660950, -9235760368.610649, 1369053459.575641 ] 
[ 8061134.500654, 1369053459.575641, -202940233.497992 ] 
vertexline variance is negative: -81984849270.370468
ref-point=(2.173405,-5.241915,-13.375922)
pos=(0.149953,-0.361479,-0.631807) at t=-13.795851
err=
[ -320201.100874, -54381153.660950, 8061134.500654 ] 
[ -54381153.660950, -9235760368.610649, 1369053459.575641 ] 
[ 8061134.500654, 1369053459.575641, -202940233.497992 ] 
vertexline variance is negative: -0.000000
ref-point=(2.173405,-5.241915,-13.375922)
pos=(2.173405,-5.241915,-13.375922) at t=-0.000000
err=
[ -320201.100874, -54381153.660950, 8061134.500654 ] 
[ -54381153.660950, -9235760368.610649, 1369053459.575641 ] 
[ 8061134.500654, 1369053459.575641, -202940233.497992 ] 
vertexline variance is negative: -0.003202
ref-point=(2.173505,-5.241915,-13.375922)
pos=(2.173405,-5.241915,-13.375922) at t=-0.000000
err=
[ -320201.100874, -54381153.660950, 8061134.500654 ] 
[ -54381153.660950, -9235760368.610649, 1369053459.575641 ] 
[ 8061134.500654, 1369053459.575641, -202940233.497992 ] 
vertexline variance is negative: -3037.322776
ref-point=(2.173505,-5.241915,-13.375922)
pos=(2.173794,-5.242854,-13.378373) at t=0.002653
err=
[ -320201.100874, -54381153.660950, 8061134.500654 ] 
[ -54381153.660950, -9235760368.610649, 1369053459.575641 ] 
[ 8061134.500654, 1369053459.575641, -202940233.497992 ] 
vertexline variance is negative: -3024.280838
ref-point=(2.173505,-5.241915,-13.375922)
pos=(2.173016,-5.240977,-13.373472) at t=-0.002652
err=
[ -320201.100874, -54381153.660950, 8061134.500654 ] 
[ -54381153.660950, -9235760368.610649, 1369053459.575641 ] 
[ 8061134.500654, 1369053459.575641, -202940233.497992 ] 
vertexline variance is negative: -0.003202
ref-point=(2.173505,-5.241915,-13.375922)
pos=(2.173405,-5.241915,-13.375922) at t=-0.000000
err=
[ -320201.100874, -54381153.660950, 8061134.500654 ] 
[ -54381153.660950, -9235760368.610649, 1369053459.575641 ] 
[ 8061134.500654, 1369053459.575641, -202940233.497992 ] 
vertexline variance is negative: -3037.322776
ref-point=(2.173505,-5.241915,-13.375922)
pos=(2.173794,-5.242854,-13.378373) at t=0.002653
err=
[ -320201.100874, -54381153.660950, 8061134.500654 ] 
[ -54381153.660950, -9235760368.610649, 1369053459.575641 ] 
[ 8061134.500654, 1369053459.575641, -202940233.497992 ] 
vertexline variance is negative: -3024.280838
ref-point=(2.173505,-5.241915,-13.375922)
pos=(2.173016,-5.240977,-13.373472) at t=-0.002652
err=
[ -320201.100874, -54381153.660950, 8061134.500654 ] 
[ -54381153.660950, -9235760368.610649, 1369053459.575641 ] 
[ 8061134.500654, 1369053459.575641, -202940233.497992 ] 
vertexline variance is negative: -303432.740706
ref-point=(2.173505,-5.241915,-13.375922)
pos=(2.177297,-5.251304,-13.400437) at t=0.026538
err=
[ -320201.100874, -54381153.660950, 8061134.500654 ] 
[ -54381153.660950, -9235760368.610649, 1369053459.575641 ] 
[ 8061134.500654, 1369053459.575641, -202940233.497992 ] 
vertexline variance is negative: -302727.123542
ref-point=(2.173505,-5.241915,-13.375922)
pos=(2.169516,-5.232536,-13.351431) at t=-0.026513
err=
[ -320201.100874, -54381153.660950, 8061134.500654 ] 
[ -54381153.660950, -9235760368.610649, 1369053459.575641 ] 
[ 8061134.500654, 1369053459.575641, -202940233.497992 ] 
vertexline variance is negative: -30599803.913683
ref-point=(2.173505,-5.241915,-13.375922)
pos=(2.212496,-5.336201,-13.622128) at t=0.266524
err=
[ -320201.100874, -54381153.660950, 8061134.500654 ] 
[ -54381153.660950, -9235760368.610649, 1369053459.575641 ] 
[ 8061134.500654, 1369053459.575641, -202940233.497992 ] 
vertexline variance is negative: -30017550.018499
ref-point=(2.173505,-5.241915,-13.375922)
pos=(2.134687,-5.148529,-13.132066) at t=-0.263982
err=
[ -320201.100874, -54381153.660950, 8061134.500654 ] 
[ -54381153.660950, -9235760368.610649, 1369053459.575641 ] 
[ 8061134.500654, 1369053459.575641, -202940233.497992 ] 
vertexline variance is negative: -3328214814.260857
ref-point=(2.173505,-5.241915,-13.375922)
pos=(2.581096,-6.225240,-15.943645) at t=2.779630
err=
[ -320201.100874, -54381153.660950, 8061134.500654 ] 
[ -54381153.660950, -9235760368.610649, 1369053459.575641 ] 
[ 8061134.500654, 1369053459.575641, -202940233.497992 ] 
vertexline variance is negative: -2747201873.245139
ref-point=(2.173505,-5.241915,-13.375922)
pos=(1.803004,-4.348532,-11.043062) at t=-2.525384
err=
[ -320201.100874, -54381153.660950, 8061134.500654 ] 
[ -54381153.660950, -9235760368.610649, 1369053459.575641 ] 
[ 8061134.500654, 1369053459.575641, -202940233.497992 ] 
vertexline variance is negative: -662253575766.757812
ref-point=(2.173505,-5.241915,-13.375922)
pos=(7.924337,-19.112795,-49.596471) at t=39.209727
err=
[ -320201.100874, -54381153.660950, 8061134.500654 ] 
[ -54381153.660950, -9235760368.610649, 1369053459.575641 ] 
[ 8061134.500654, 1369053459.575641, -202940233.497992 ] 
vertexline variance is negative: -81984816865.607513
ref-point=(2.173505,-5.241915,-13.375922)
pos=(0.149953,-0.361479,-0.631807) at t=-13.795851
err=
[ -320201.100874, -54381153.660950, 8061134.500654 ] 
[ -54381153.660950, -9235760368.610649, 1369053459.575641 ] 
[ 8061134.500654, 1369053459.575641, -202940233.497992 ] 
vertexline variance is negative: -0.003202
ref-point=(2.173505,-5.241915,-13.375922)
pos=(2.173405,-5.241915,-13.375922) at t=-0.000000
err=
[ -320201.100874, -54381153.660950, 8061134.500654 ] 
[ -54381153.660950, -9235760368.610649, 1369053459.575641 ] 
[ 8061134.500654, 1369053459.575641, -202940233.497992 ] 
vertexline variance is negative: -0.003202
ref-point=(2.173305,-5.241915,-13.375922)
pos=(2.173405,-5.241915,-13.375922) at t=-0.000000
err=
[ -320201.100874, -54381153.660950, 8061134.500654 ] 
[ -54381153.660950, -9235760368.610649, 1369053459.575641 ] 
[ 8061134.500654, 1369053459.575641, -202940233.497992 ] 
vertexline variance is negative: -3024.861245
ref-point=(2.173305,-5.241915,-13.375922)
pos=(2.173794,-5.242854,-13.378373) at t=0.002653
err=
[ -320201.100874, -54381153.660950, 8061134.500654 ] 
[ -54381153.660950, -9235760368.610649, 1369053459.575641 ] 
[ 8061134.500654, 1369053459.575641, -202940233.497992 ] 
vertexline variance is negative: -3036.741175
ref-point=(2.173305,-5.241915,-13.375922)
pos=(2.173016,-5.240977,-13.373472) at t=-0.002652
err=
[ -320201.100874, -54381153.660950, 8061134.500654 ] 
[ -54381153.660950, -9235760368.610649, 1369053459.575641 ] 
[ 8061134.500654, 1369053459.575641, -202940233.497992 ] 
vertexline variance is negative: -0.003202
ref-point=(2.173305,-5.241915,-13.375922)
pos=(2.173405,-5.241915,-13.375922) at t=-0.000000
err=
[ -320201.100874, -54381153.660950, 8061134.500654 ] 
[ -54381153.660950, -9235760368.610649, 1369053459.575641 ] 
[ 8061134.500654, 1369053459.575641, -202940233.497992 ] 
vertexline variance is negative: -3024.861245
ref-point=(2.173305,-5.241915,-13.375922)
pos=(2.173794,-5.242854,-13.378373) at t=0.002653
err=
[ -320201.100874, -54381153.660950, 8061134.500654 ] 
[ -54381153.660950, -9235760368.610649, 1369053459.575641 ] 
[ 8061134.500654, 1369053459.575641, -202940233.497992 ] 
vertexline variance is negative: -3036.741175
ref-point=(2.173305,-5.241915,-13.375922)
pos=(2.173016,-5.240977,-13.373472) at t=-0.002652
err=
[ -320201.100874, -54381153.660950, 8061134.500654 ] 
[ -54381153.660950, -9235760368.610649, 1369053459.575641 ] 
[ 8061134.500654, 1369053459.575641, -202940233.497992 ] 
vertexline variance is negative: -303308.071645
ref-point=(2.173305,-5.241915,-13.375922)
pos=(2.177297,-5.251304,-13.400437) at t=0.026538
err=
[ -320201.100874, -54381153.660950, 8061134.500654 ] 
[ -54381153.660950, -9235760368.610649, 1369053459.575641 ] 
[ 8061134.500654, 1369053459.575641, -202940233.497992 ] 
vertexline variance is negative: -302851.673165
ref-point=(2.173305,-5.241915,-13.375922)
pos=(2.169516,-5.232536,-13.351431) at t=-0.026513
err=
[ -320201.100874, -54381153.660950, 8061134.500654 ] 
[ -54381153.660950, -9235760368.610649, 1369053459.575641 ] 
[ 8061134.500654, 1369053459.575641, -202940233.497992 ] 
vertexline variance is negative: -30598551.848425
ref-point=(2.173305,-5.241915,-13.375922)
pos=(2.212496,-5.336201,-13.622128) at t=0.266524
err=
[ -320201.100874, -54381153.660950, 8061134.500654 ] 
[ -54381153.660950, -9235760368.610649, 1369053459.575641 ] 
[ 8061134.500654, 1369053459.575641, -202940233.497992 ] 
vertexline variance is negative: -30018790.139872
ref-point=(2.173305,-5.241915,-13.375922)
pos=(2.134687,-5.148529,-13.132066) at t=-0.263982
err=
[ -320201.100874, -54381153.660950, 8061134.500654 ] 
[ -54381153.660950, -9235760368.610649, 1369053459.575641 ] 
[ 8061134.500654, 1369053459.575641, -202940233.497992 ] 
vertexline variance is negative: -3328201756.240706
ref-point=(2.173305,-5.241915,-13.375922)
pos=(2.581096,-6.225240,-15.943645) at t=2.779630
err=
[ -320201.100874, -54381153.660950, 8061134.500654 ] 
[ -54381153.660950, -9235760368.610649, 1369053459.575641 ] 
[ 8061134.500654, 1369053459.575641, -202940233.497992 ] 
vertexline variance is negative: -2747213736.881915
ref-point=(2.173305,-5.241915,-13.375922)
pos=(1.803004,-4.348532,-11.043062) at t=-2.525384
err=
[ -320201.100874, -54381153.660950, 8061134.500654 ] 
[ -54381153.660950, -9235760368.610649, 1369053459.575641 ] 
[ 8061134.500654, 1369053459.575641, -202940233.497992 ] 
vertexline variance is negative: -662253391569.054443
ref-point=(2.173305,-5.241915,-13.375922)
pos=(7.924337,-19.112795,-49.596471) at t=39.209727
err=
[ -320201.100874, -54381153.660950, 8061134.500654 ] 
[ -54381153.660950, -9235760368.610649, 1369053459.575641 ] 
[ 8061134.500654, 1369053459.575641, -202940233.497992 ] 
vertexline variance is negative: -81984881675.139786
ref-point=(2.173305,-5.241915,-13.375922)
pos=(0.149953,-0.361479,-0.631807) at t=-13.795851
err=
[ -320201.100874, -54381153.660950, 8061134.500654 ] 
[ -54381153.660950, -9235760368.610649, 1369053459.575641 ] 
[ 8061134.500654, 1369053459.575641, -202940233.497992 ] 
vertexline variance is negative: -0.003202
ref-point=(2.173305,-5.241915,-13.375922)
pos=(2.173405,-5.241915,-13.375922) at t=-0.000000
err=
[ -320201.100874, -54381153.660950, 8061134.500654 ] 
[ -54381153.660950, -9235760368.610649, 1369053459.575641 ] 
[ 8061134.500654, 1369053459.575641, -202940233.497992 ] 
vertexline variance is negative: -92.357603
ref-point=(2.173405,-5.241815,-13.375922)
pos=(2.173405,-5.241915,-13.375922) at t=-0.000000
err=
[ -320201.100874, -54381153.660950, 8061134.500654 ] 
[ -54381153.660950, -9235760368.610649, 1369053459.575641 ] 
[ 8061134.500654, 1369053459.575641, -202940233.497992 ] 
vertexline variance is negative: -4181.641289
ref-point=(2.173405,-5.241815,-13.375922)
pos=(2.173794,-5.242854,-13.378373) at t=0.002653
err=
[ -320201.100874, -54381153.660950, 8061134.500654 ] 
[ -54381153.660950, -9235760368.610649, 1369053459.575641 ] 
[ 8061134.500654, 1369053459.575641, -202940233.497992 ] 
vertexline variance is negative: -2064.771955
ref-point=(2.173405,-5.241815,-13.375922)
pos=(2.173016,-5.240977,-13.373472) at t=-0.002652
err=
[ -320201.100874, -54381153.660950, 8061134.500654 ] 
[ -54381153.660950, -9235760368.610649, 1369053459.575641 ] 
[ 8061134.500654, 1369053459.575641, -202940233.497992 ] 
vertexline variance is negative: -92.357603
ref-point=(2.173405,-5.241815,-13.375922)
pos=(2.173405,-5.241915,-13.375922) at t=-0.000000
err=
[ -320201.100874, -54381153.660950, 8061134.500654 ] 
[ -54381153.660950, -9235760368.610649, 1369053459.575641 ] 
[ 8061134.500654, 1369053459.575641, -202940233.497992 ] 
vertexline variance is negative: -4181.641289
ref-point=(2.173405,-5.241815,-13.375922)
pos=(2.173794,-5.242854,-13.378373) at t=0.002653
err=
[ -320201.100874, -54381153.660950, 8061134.500654 ] 
[ -54381153.660950, -9235760368.610649, 1369053459.575641 ] 
[ 8061134.500654, 1369053459.575641, -202940233.497992 ] 
vertexline variance is negative: -2064.771955
ref-point=(2.173405,-5.241815,-13.375922)
pos=(2.173016,-5.240977,-13.373472) at t=-0.002652
err=
[ -320201.100874, -54381153.660950, 8061134.500654 ] 
[ -54381153.660950, -9235760368.610649, 1369053459.575641 ] 
[ 8061134.500654, 1369053459.575641, -202940233.497992 ] 
vertexline variance is negative: -314049.273413
ref-point=(2.173405,-5.241815,-13.375922)
pos=(2.177297,-5.251304,-13.400437) at t=0.026538
err=
[ -320201.100874, -54381153.660950, 8061134.500654 ] 
[ -54381153.660950, -9235760368.610649, 1369053459.575641 ] 
[ 8061134.500654, 1369053459.575641, -202940233.497992 ] 
vertexline variance is negative: -292305.382298
ref-point=(2.173405,-5.241815,-13.375922)
pos=(2.169516,-5.232536,-13.351431) at t=-0.026513
err=
[ -320201.100874, -54381153.660950, 8061134.500654 ] 
[ -54381153.660950, -9235760368.610649, 1369053459.575641 ] 
[ 8061134.500654, 1369053459.575641, -202940233.497992 ] 
vertexline variance is negative: -30705591.761958
ref-point=(2.173405,-5.241815,-13.375922)
pos=(2.212496,-5.336201,-13.622128) at t=0.266524
err=
[ -320201.100874, -54381153.660950, 8061134.500654 ] 
[ -54381153.660950, -9235760368.610649, 1369053459.575641 ] 
[ 8061134.500654, 1369053459.575641, -202940233.497992 ] 
vertexline variance is negative: -29912955.144932
ref-point=(2.173405,-5.241815,-13.375922)
pos=(2.134687,-5.148529,-13.132066) at t=-0.263982
err=
[ -320201.100874, -54381153.660950, 8061134.500654 ] 
[ -54381153.660950, -9235760368.610649, 1369053459.575641 ] 
[ 8061134.500654, 1369053459.575641, -202940233.497992 ] 
vertexline variance is negative: -3329317224.470048
ref-point=(2.173405,-5.241815,-13.375922)
pos=(2.581096,-6.225240,-15.943645) at t=2.779630
err=
[ -320201.100874, -54381153.660950, 8061134.500654 ] 
[ -54381153.660950, -9235760368.610649, 1369053459.575641 ] 
[ 8061134.500654, 1369053459.575641, -202940233.497992 ] 
vertexline variance is negative: -2746200473.911693
ref-point=(2.173405,-5.241815,-13.375922)
pos=(1.803004,-4.348532,-11.043062) at t=-2.525384
err=
[ -320201.100874, -54381153.660950, 8061134.500654 ] 
[ -54381153.660950, -9235760368.610649, 1369053459.575641 ] 
[ 8061134.500654, 1369053459.575641, -202940233.497992 ] 
vertexline variance is negative: -662269125262.095093
ref-point=(2.173405,-5.241815,-13.375922)
pos=(7.924337,-19.112795,-49.596471) at t=39.209727
err=
[ -320201.100874, -54381153.660950, 8061134.500654 ] 
[ -54381153.660950, -9235760368.610649, 1369053459.575641 ] 
[ 8061134.500654, 1369053459.575641, -202940233.497992 ] 
vertexline variance is negative: -81979345936.801300
ref-point=(2.173405,-5.241815,-13.375922)
pos=(0.149953,-0.361479,-0.631807) at t=-13.795851
err=
[ -320201.100874, -54381153.660950, 8061134.500654 ] 
[ -54381153.660950, -9235760368.610649, 1369053459.575641 ] 
[ 8061134.500654, 1369053459.575641, -202940233.497992 ] 
vertexline variance is negative: -92.357603
ref-point=(2.173405,-5.241815,-13.375922)
pos=(2.173405,-5.241915,-13.375922) at t=-0.000000
err=
[ -320201.100874, -54381153.660950, 8061134.500654 ] 
[ -54381153.660950, -9235760368.610649, 1369053459.575641 ] 
[ 8061134.500654, 1369053459.575641, -202940233.497992 ] 
vertexline variance is negative: -92.357604
ref-point=(2.173405,-5.242015,-13.375922)
pos=(2.173405,-5.241915,-13.375922) at t=-0.000000
err=
[ -320201.100874, -54381153.660950, 8061134.500654 ] 
[ -54381153.660950, -9235760368.610649, 1369053459.575641 ] 
[ 8061134.500654, 1369053459.575641, -202940233.497992 ] 
vertexline variance is negative: -2065.251535
ref-point=(2.173405,-5.242015,-13.375922)
pos=(2.173794,-5.242854,-13.378373) at t=0.002653
err=
[ -320201.100874, -54381153.660950, 8061134.500654 ] 
[ -54381153.660950, -9235760368.610649, 1369053459.575641 ] 
[ 8061134.500654, 1369053459.575641, -202940233.497992 ] 
vertexline variance is negative: -4180.958863
ref-point=(2.173405,-5.242015,-13.375922)
pos=(2.173016,-5.240977,-13.373472) at t=-0.002652
err=
[ -320201.100874, -54381153.660950, 8061134.500654 ] 
[ -54381153.660950, -9235760368.610649, 1369053459.575641 ] 
[ 8061134.500654, 1369053459.575641, -202940233.497992 ] 
vertexline variance is negative: -92.357604
ref-point=(2.173405,-5.242015,-13.375922)
pos=(2.173405,-5.241915,-13.375922) at t=-0.000000
err=
[ -320201.100874, -54381153.660950, 8061134.500654 ] 
[ -54381153.660950, -9235760368.610649, 1369053459.575641 ] 
[ 8061134.500654, 1369053459.575641, -202940233.497992 ] 
vertexline variance is negative: -2065.251535
ref-point=(2.173405,-5.242015,-13.375922)
pos=(2.173794,-5.242854,-13.378373) at t=0.002653
err=
[ -320201.100874, -54381153.660950, 8061134.500654 ] 
[ -54381153.660950, -9235760368.610649, 1369053459.575641 ] 
[ 8061134.500654, 1369053459.575641, -202940233.497992 ] 
vertexline variance is negative: -4180.958863
ref-point=(2.173405,-5.242015,-13.375922)
pos=(2.173016,-5.240977,-13.373472) at t=-0.002652
err=
[ -320201.100874, -54381153.660950, 8061134.500654 ] 
[ -54381153.660950, -9235760368.610649, 1369053459.575641 ] 
[ 8061134.500654, 1369053459.575641, -202940233.497992 ] 
vertexline variance is negative: -292876.247741
ref-point=(2.173405,-5.242015,-13.375922)
pos=(2.177297,-5.251304,-13.400437) at t=0.026538
err=
[ -320201.100874, -54381153.660950, 8061134.500654 ] 
[ -54381153.660950, -9235760368.610649, 1369053459.575641 ] 
[ 8061134.500654, 1369053459.575641, -202940233.497992 ] 
vertexline variance is negative: -313458.123213
ref-point=(2.173405,-5.242015,-13.375922)
pos=(2.169516,-5.232536,-13.351431) at t=-0.026513
err=
[ -320201.100874, -54381153.660950, 8061134.500654 ] 
[ -54381153.660950, -9235760368.610649, 1369053459.575641 ] 
[ 8061134.500654, 1369053459.575641, -202940233.497992 ] 
vertexline variance is negative: -30492948.708954
ref-point=(2.173405,-5.242015,-13.375922)
pos=(2.212496,-5.336201,-13.622128) at t=0.266524
err=
[ -320201.100874, -54381153.660950, 8061134.500654 ] 
[ -54381153.660950, -9235760368.610649, 1369053459.575641 ] 
[ 8061134.500654, 1369053459.575641, -202940233.497992 ] 
vertexline variance is negative: -30123569.722243
ref-point=(2.173405,-5.242015,-13.375922)
pos=(2.134687,-5.148529,-13.132066) at t=-0.263982
err=
[ -320201.100874, -54381153.660950, 8061134.500654 ] 
[ -54381153.660950, -9235760368.610649, 1369053459.575641 ] 
[ 8061134.500654, 1369053459.575641, -202940233.497992 ] 
vertexline variance is negative: -3327099530.740317
ref-point=(2.173405,-5.242015,-13.375922)
pos=(2.581096,-6.225240,-15.943645) at t=2.779630
err=
[ -320201.100874, -54381153.660950, 8061134.500654 ] 
[ -54381153.660950, -9235760368.610649, 1369053459.575641 ] 
[ 8061134.500654, 1369053459.575641, -202940233.497992 ] 
vertexline variance is negative: -2748215320.924162
ref-point=(2.173405,-5.242015,-13.375922)
pos=(1.803004,-4.348532,-11.043062) at t=-2.525384
err=
[ -320201.100874, -54381153.660950, 8061134.500654 ] 
[ -54381153.660950, -9235760368.610649, 1369053459.575641 ] 
[ 8061134.500654, 1369053459.575641, -202940233.497992 ] 
vertexline variance is negative: -662237842258.425781
ref-point=(2.173405,-5.242015,-13.375922)
pos=(7.924337,-19.112795,-49.596471) at t=39.209727
err=
[ -320201.100874, -54381153.660950, 8061134.500654 ] 
[ -54381153.660950, -9235760368.610649, 1369053459.575641 ] 
[ 8061134.500654, 1369053459.575641, -202940233.497992 ] 
vertexline variance is negative: -81990352788.654816
ref-point=(2.173405,-5.242015,-13.375922)
pos=(0.149953,-0.361479,-0.631807) at t=-13.795851
err=
[ -320201.100874, -54381153.660950, 8061134.500654 ] 
[ -54381153.660950, -9235760368.610649, 1369053459.575641 ] 
[ 8061134.500654, 1369053459.575641, -202940233.497992 ] 
vertexline variance is negative: -92.357604
ref-point=(2.173405,-5.242015,-13.375922)
pos=(2.173405,-5.241915,-13.375922) at t=-0.000000
err=
[ -320201.100874, -54381153.660950, 8061134.500654 ] 
[ -54381153.660950, -9235760368.610649, 1369053459.575641 ] 
[ 8061134.500654, 1369053459.575641, -202940233.497992 ] 
vertexline variance is negative: -2.029402
ref-point=(2.173405,-5.241915,-13.375822)
pos=(2.173405,-5.241915,-13.375922) at t=-0.000000
err=
[ -320201.100874, -54381153.660950, 8061134.500654 ] 
[ -54381153.660950, -9235760368.610649, 1369053459.575641 ] 
[ 8061134.500654, 1369053459.575641, -202940233.497992 ] 
vertexline variance is negative: -2876.257779
ref-point=(2.173405,-5.241915,-13.375822)
pos=(2.173794,-5.242854,-13.378373) at t=0.002653
err=
[ -320201.100874, -54381153.660950, 8061134.500654 ] 
[ -54381153.660950, -9235760368.610649, 1369053459.575641 ] 
[ 8061134.500654, 1369053459.575641, -202940233.497992 ] 
vertexline variance is negative: -3189.382605
ref-point=(2.173405,-5.241915,-13.375822)
pos=(2.173016,-5.240977,-13.373472) at t=-0.002652
err=
[ -320201.100874, -54381153.660950, 8061134.500654 ] 
[ -54381153.660950, -9235760368.610649, 1369053459.575641 ] 
[ 8061134.500654, 1369053459.575641, -202940233.497992 ] 
vertexline variance is negative: -2.029402
ref-point=(2.173405,-5.241915,-13.375822)
pos=(2.173405,-5.241915,-13.375922) at t=-0.000000
err=
[ -320201.100874, -54381153.660950, 8061134.500654 ] 
[ -54381153.660950, -9235760368.610649, 1369053459.575641 ] 
[ 8061134.500654, 1369053459.575641, -202940233.497992 ] 
vertexline variance is negative: -2876.257779
ref-point=(2.173405,-5.241915,-13.375822)
pos=(2.173794,-5.242854,-13.378373) at t=0.002653
err=
[ -320201.100874, -54381153.660950, 8061134.500654 ] 
[ -54381153.660950, -9235760368.610649, 1369053459.575641 ] 
[ 8061134.500654, 1369053459.575641, -202940233.497992 ] 
vertexline variance is negative: -3189.382605
ref-point=(2.173405,-5.241915,-13.375822)
pos=(2.173016,-5.240977,-13.373472) at t=-0.002652
err=
[ -320201.100874, -54381153.660950, 8061134.500654 ] 
[ -54381153.660950, -9235760368.610649, 1369053459.575641 ] 
[ 8061134.500654, 1369053459.575641, -202940233.497992 ] 
vertexline variance is negative: -301803.151505
ref-point=(2.173405,-5.241915,-13.375822)
pos=(2.177297,-5.251304,-13.400437) at t=0.026538
err=
[ -320201.100874, -54381153.660950, 8061134.500654 ] 
[ -54381153.660950, -9235760368.610649, 1369053459.575641 ] 
[ 8061134.500654, 1369053459.575641, -202940233.497992 ] 
vertexline variance is negative: -304359.201979
ref-point=(2.173405,-5.241915,-13.375822)
pos=(2.169516,-5.232536,-13.351431) at t=-0.026513
err=
[ -320201.100874, -54381153.660950, 8061134.500654 ] 
[ -54381153.660950, -9235760368.610649, 1369053459.575641 ] 
[ 8061134.500654, 1369053459.575641, -202940233.497992 ] 
vertexline variance is negative: -30583419.444841
ref-point=(2.173405,-5.241915,-13.375822)
pos=(2.212496,-5.336201,-13.622128) at t=0.266524
err=
[ -320201.100874, -54381153.660950, 8061134.500654 ] 
[ -54381153.660950, -9235760368.610649, 1369053459.575641 ] 
[ 8061134.500654, 1369053459.575641, -202940233.497992 ] 
vertexline variance is negative: -30033782.223293
ref-point=(2.173405,-5.241915,-13.375822)
pos=(2.134687,-5.148529,-13.132066) at t=-0.263982
err=
[ -320201.100874, -54381153.660950, 8061134.500654 ] 
[ -54381153.660950, -9235760368.610649, 1369053459.575641 ] 
[ 8061134.500654, 1369053459.575641, -202940233.497992 ] 
vertexline variance is negative: -3328043918.499454
ref-point=(2.173405,-5.241915,-13.375822)
pos=(2.581096,-6.225240,-15.943645) at t=2.779630
err=
[ -320201.100874, -54381153.660950, 8061134.500654 ] 
[ -54381153.660950, -9235760368.610649, 1369053459.575641 ] 
[ 8061134.500654, 1369053459.575641, -202940233.497992 ] 
vertexline variance is negative: -2747357141.479731
ref-point=(2.173405,-5.241915,-13.375822)
pos=(1.803004,-4.348532,-11.043062) at t=-2.525384
err=
[ -320201.100874, -54381153.660950, 8061134.500654 ] 
[ -54381153.660950, -9235760368.610649, 1369053459.575641 ] 
[ 8061134.500654, 1369053459.575641, -202940233.497992 ] 
vertexline variance is negative: -662251165067.953125
ref-point=(2.173405,-5.241915,-13.375822)
pos=(7.924337,-19.112795,-49.596471) at t=39.209727
err=
[ -320201.100874, -54381153.660950, 8061134.500654 ] 
[ -54381153.660950, -9235760368.610649, 1369053459.575641 ] 
[ 8061134.500654, 1369053459.575641, -202940233.497992 ] 
vertexline variance is negative: -81985665067.096588
ref-point=(2.173405,-5.241915,-13.375822)
pos=(0.149953,-0.361479,-0.631807) at t=-13.795851
err=
[ -320201.100874, -54381153.660950, 8061134.500654 ] 
[ -54381153.660950, -9235760368.610649, 1369053459.575641 ] 
[ 8061134.500654, 1369053459.575641, -202940233.497992 ] 
vertexline variance is negative: -2.029402
ref-point=(2.173405,-5.241915,-13.375822)
pos=(2.173405,-5.241915,-13.375922) at t=-0.000000
err=
[ -320201.100874, -54381153.660950, 8061134.500654 ] 
[ -54381153.660950, -9235760368.610649, 1369053459.575641 ] 
[ 8061134.500654, 1369053459.575641, -202940233.497992 ] 
vertexline variance is negative: -2.029402
ref-point=(2.173405,-5.241915,-13.376022)
pos=(2.173405,-5.241915,-13.375922) at t=-0.000000
err=
[ -320201.100874, -54381153.660950, 8061134.500654 ] 
[ -54381153.660950, -9235760368.610649, 1369053459.575641 ] 
[ 8061134.500654, 1369053459.575641, -202940233.497992 ] 
vertexline variance is negative: -3189.978643
ref-point=(2.173405,-5.241915,-13.376022)
pos=(2.173794,-5.242854,-13.378373) at t=0.002653
err=
[ -320201.100874, -54381153.660950, 8061134.500654 ] 
[ -54381153.660950, -9235760368.610649, 1369053459.575641 ] 
[ 8061134.500654, 1369053459.575641, -202940233.497992 ] 
vertexline variance is negative: -2875.691810
ref-point=(2.173405,-5.241915,-13.376022)
pos=(2.173016,-5.240977,-13.373472) at t=-0.002652
err=
[ -320201.100874, -54381153.660950, 8061134.500654 ] 
[ -54381153.660950, -9235760368.610649, 1369053459.575641 ] 
[ 8061134.500654, 1369053459.575641, -202940233.497992 ] 
vertexline variance is negative: -2.029402
ref-point=(2.173405,-5.241915,-13.376022)
pos=(2.173405,-5.241915,-13.375922) at t=-0.000000
err=
[ -320201.100874, -54381153.660950, 8061134.500654 ] 
[ -54381153.660950, -9235760368.610649, 1369053459.575641 ] 
[ 8061134.500654, 1369053459.575641, -202940233.497992 ] 
vertexline variance is negative: -3189.978643
ref-point=(2.173405,-5.241915,-13.376022)
pos=(2.173794,-5.242854,-13.378373) at t=0.002653
err=
[ -320201.100874, -54381153.660950, 8061134.500654 ] 
[ -54381153.660950, -9235760368.610649, 1369053459.575641 ] 
[ 8061134.500654, 1369053459.575641, -202940233.497992 ] 
vertexline variance is negative: -2875.691810
ref-point=(2.173405,-5.241915,-13.376022)
pos=(2.173016,-5.240977,-13.373472) at t=-0.002652
err=
[ -320201.100874, -54381153.660950, 8061134.500654 ] 
[ -54381153.660950, -9235760368.610649, 1369053459.575641 ] 
[ 8061134.500654, 1369053459.575641, -202940233.497992 ] 
vertexline variance is negative: -304941.713246
ref-point=(2.173405,-5.241915,-13.376022)
pos=(2.177297,-5.251304,-13.400437) at t=0.026538
err=
[ -320201.100874, -54381153.660950, 8061134.500654 ] 
[ -54381153.660950, -9235760368.610649, 1369053459.575641 ] 
[ 8061134.500654, 1369053459.575641, -202940233.497992 ] 
vertexline variance is negative: -301223.647129
ref-point=(2.173405,-5.241915,-13.376022)
pos=(2.169516,-5.232536,-13.351431) at t=-0.026513
err=
[ -320201.100874, -54381153.660950, 8061134.500654 ] 
[ -54381153.660950, -9235760368.610649, 1369053459.575641 ] 
[ 8061134.500654, 1369053459.575641, -202940233.497992 ] 
vertexline variance is negative: -30614940.369668
ref-point=(2.173405,-5.241915,-13.376022)
pos=(2.212496,-5.336201,-13.622128) at t=0.266524
err=
[ -320201.100874, -54381153.660950, 8061134.500654 ] 
[ -54381153.660950, -9235760368.610649, 1369053459.575641 ] 
[ 8061134.500654, 1369053459.575641, -202940233.497992 ] 
vertexline variance is negative: -30002561.987479
ref-point=(2.173405,-5.241915,-13.376022)
pos=(2.134687,-5.148529,-13.132066) at t=-0.263982
err=
[ -320201.100874, -54381153.660950, 8061134.500654 ] 
[ -54381153.660950, -9235760368.610649, 1369053459.575641 ] 
[ 8061134.500654, 1369053459.575641, -202940233.497992 ] 
vertexline variance is negative: -3328372656.054511
ref-point=(2.173405,-5.241915,-13.376022)
pos=(2.581096,-6.225240,-15.943645) at t=2.779630
err=
[ -320201.100874, -54381153.660950, 8061134.500654 ] 
[ -54381153.660950, -9235760368.610649, 1369053459.575641 ] 
[ 8061134.500654, 1369053459.575641, -202940233.497992 ] 
vertexline variance is negative: -2747058472.699722
ref-point=(2.173405,-5.241915,-13.376022)
pos=(1.803004,-4.348532,-11.043062) at t=-2.525384
err=
[ -320201.100874, -54381153.660950, 8061134.500654 ] 
[ -54381153.660950, -9235760368.610649, 1369053459.575641 ] 
[ 8061134.500654, 1369053459.575641, -202940233.497992 ] 
vertexline variance is negative: -662255802271.911255
ref-point=(2.173405,-5.241915,-13.376022)
pos=(7.924337,-19.112795,-49.596471) at t=39.209727
err=
[ -320201.100874, -54381153.660950, 8061134.500654 ] 
[ -54381153.660950, -9235760368.610649, 1369053459.575641 ] 
[ 8061134.500654, 1369053459.575641, -202940233.497992 ] 
vertexline variance is negative: -81984033477.703186
ref-point=(2.173405,-5.241915,-13.376022)
pos=(0.149953,-0.361479,-0.631807) at t=-13.795851
err=
[ -320201.100874, -54381153.660950, 8061134.500654 ] 
[ -54381153.660950, -9235760368.610649, 1369053459.575641 ] 
[ 8061134.500654, 1369053459.575641, -202940233.497992 ] 
vertexline variance is negative: -2.029402
ref-point=(2.173405,-5.241915,-13.376022)
pos=(2.173405,-5.241915,-13.375922) at t=-0.000000
err=
[ -320201.100874, -54381153.660950, 8061134.500654 ] 
[ -54381153.660950, -9235760368.610649, 1369053459.575641 ] 
[ 8061134.500654, 1369053459.575641, -202940233.497992 ] 
vertexline variance is negative: -0.000000
ref-point=(2.173405,-5.241915,-13.375922)
pos=(2.173405,-5.241915,-13.375922) at t=-0.000000
err=
[ -320201.100874, -54381153.660950, 8061134.500654 ] 
[ -54381153.660950, -9235760368.610649, 1369053459.575641 ] 
[ 8061134.500654, 1369053459.575641, -202940233.497992 ] 
vertexline variance is negative: -3031.088808
ref-point=(2.173405,-5.241915,-13.375922)
pos=(2.173794,-5.242854,-13.378373) at t=0.002653
err=
[ -320201.100874, -54381153.660950, 8061134.500654 ] 
[ -54381153.660950, -9235760368.610649, 1369053459.575641 ] 
[ 8061134.500654, 1369053459.575641, -202940233.497992 ] 
vertexline variance is negative: -3030.507805
ref-point=(2.173405,-5.241915,-13.375922)
pos=(2.173016,-5.240977,-13.373472) at t=-0.002652
err=
[ -320201.100874, -54381153.660950, 8061134.500654 ] 
[ -54381153.660950, -9235760368.610649, 1369053459.575641 ] 
[ 8061134.500654, 1369053459.575641, -202940233.497992 ] 
vertexline variance is negative: -0.000000
ref-point=(2.173405,-5.241915,-13.375922)
pos=(2.173405,-5.241915,-13.375922) at t=-0.000000
err=
[ -320201.100874, -54381153.660950, 8061134.500654 ] 
[ -54381153.660950, -9235760368.610649, 1369053459.575641 ] 
[ 8061134.500654, 1369053459.575641, -202940233.497992 ] 
vertexline variance is negative: -3031.088808
ref-point=(2.173405,-5.241915,-13.375922)
pos=(2.173794,-5.242854,-13.378373) at t=0.002653
err=
[ -320201.100874, -54381153.660950, 8061134.500654 ] 
[ -54381153.660950, -9235760368.610649, 1369053459.575641 ] 
[ 8061134.500654, 1369053459.575641, -202940233.497992 ] 
vertexline variance is negative: -3030.507805
ref-point=(2.173405,-5.241915,-13.375922)
pos=(2.173016,-5.240977,-13.373472) at t=-0.002652
err=
[ -320201.100874, -54381153.660950, 8061134.500654 ] 
[ -54381153.660950, -9235760368.610649, 1369053459.575641 ] 
[ 8061134.500654, 1369053459.575641, -202940233.497992 ] 
vertexline variance is negative: -303370.402973
ref-point=(2.173405,-5.241915,-13.375922)
pos=(2.177297,-5.251304,-13.400437) at t=0.026538
err=
[ -320201.100874, -54381153.660950, 8061134.500654 ] 
[ -54381153.660950, -9235760368.610649, 1369053459.575641 ] 
[ 8061134.500654, 1369053459.575641, -202940233.497992 ] 
vertexline variance is negative: -302789.395152
ref-point=(2.173405,-5.241915,-13.375922)
pos=(2.169516,-5.232536,-13.351431) at t=-0.026513
err=
[ -320201.100874, -54381153.660950, 8061134.500654 ] 
[ -54381153.660950, -9235760368.610649, 1369053459.575641 ] 
[ 8061134.500654, 1369053459.575641, -202940233.497992 ] 
vertexline variance is negative: -30599177.877852
ref-point=(2.173405,-5.241915,-13.375922)
pos=(2.212496,-5.336201,-13.622128) at t=0.266524
err=
[ -320201.100874, -54381153.660950, 8061134.500654 ] 
[ -54381153.660950, -9235760368.610649, 1369053459.575641 ] 
[ 8061134.500654, 1369053459.575641, -202940233.497992 ] 
vertexline variance is negative: -30018170.075983
ref-point=(2.173405,-5.241915,-13.375922)
pos=(2.134687,-5.148529,-13.132066) at t=-0.263982
err=
[ -320201.100874, -54381153.660950, 8061134.500654 ] 
[ -54381153.660950, -9235760368.610649, 1369053459.575641 ] 
[ 8061134.500654, 1369053459.575641, -202940233.497992 ] 
vertexline variance is negative: -3328208285.247579
ref-point=(2.173405,-5.241915,-13.375922)
pos=(2.581096,-6.225240,-15.943645) at t=2.779630
err=
[ -320201.100874, -54381153.660950, 8061134.500654 ] 
[ -54381153.660950, -9235760368.610649, 1369053459.575641 ] 
[ 8061134.500654, 1369053459.575641, -202940233.497992 ] 
vertexline variance is negative: -2747207805.060325
ref-point=(2.173405,-5.241915,-13.375922)
pos=(1.803004,-4.348532,-11.043062) at t=-2.525384
err=
[ -320201.100874, -54381153.660950, 8061134.500654 ] 
[ -54381153.660950, -9235760368.610649, 1369053459.575641 ] 
[ 8061134.500654, 1369053459.575641, -202940233.497992 ] 
vertexline variance is negative: -662253483667.902832
ref-point=(2.173405,-5.241915,-13.375922)
pos=(7.924337,-19.112795,-49.596471) at t=39.209727
err=
[ -320201.100874, -54381153.660950, 8061134.500654 ] 
[ -54381153.660950, -9235760368.610649, 1369053459.575641 ] 
[ 8061134.500654, 1369053459.575641, -202940233.497992 ] 
vertexline variance is negative: -81984849270.370468
ref-point=(2.173405,-5.241915,-13.375922)
pos=(0.149953,-0.361479,-0.631807) at t=-13.795851
err=
[ -320201.100874, -54381153.660950, 8061134.500654 ] 
[ -54381153.660950, -9235760368.610649, 1369053459.575641 ] 
[ 8061134.500654, 1369053459.575641, -202940233.497992 ] 
vertexline variance is negative: -0.000000
ref-point=(2.173405,-5.241915,-13.375922)
pos=(2.173405,-5.241915,-13.375922) at t=-0.000000
err=
[ -320201.100874, -54381153.660950, 8061134.500654 ] 
[ -54381153.660950, -9235760368.610649, 1369053459.575641 ] 
[ 8061134.500654, 1369053459.575641, -202940233.497992 ] 
vertexline variance is negative: -0.003202
ref-point=(2.173505,-5.241915,-13.375922)
pos=(2.173405,-5.241915,-13.375922) at t=-0.000000
err=
[ -320201.100874, -54381153.660950, 8061134.500654 ] 
[ -54381153.660950, -9235760368.610649, 1369053459.575641 ] 
[ 8061134.500654, 1369053459.575641, -202940233.497992 ] 
vertexline variance is negative: -3037.322776
