Error in <TSystem::ExpandFileName>: input: $HOME/.root.mimes, output: $HOME/.root.mimes
Info in <TGeoManager::TGeoManager>: Geometry default, Detector Geometry created
Info in <TGeoManager::SetTopVolume>: Top volume is world_volume. Master volume is world_volume
Info in <TGeoNavigator::BuildCache>: --- Maximum geometry depth set to 100
++++++++++++++++++++++++++++++++++++++++++++++++++++++++++++++++++++++++++++++++++++++++++++++++++++++++++++++++++++++++++++++
++  The usage of the factory: "Beampipe_o1_v01" is DEPRECATED due to naming conventions.                                    ++
++  Please use "DD4hep_Beampipe_o1_v01" instead.                                                                            ++
++++++++++++++++++++++++++++++++++++++++++++++++++++++++++++++++++++++++++++++++++++++++++++++++++++++++++++++++++++++++++++++
Info in <TGeoManager::CheckGeometry>: Fixing runtime shapes...
Info in <TGeoManager::CheckGeometry>: ...Nothing to fix
Info in <TGeoManager::CloseGeometry>: Counting nodes...
Info in <TGeoManager::Voxelize>: Voxelizing...
Info in <TGeoManager::CloseGeometry>: Building cache...
Info in <TGeoManager::CountLevels>: max level = 5, max placements = 1044
Info in <TGeoManager::CloseGeometry>: 411734 nodes/ 5904 volume UID's in Detector Geometry
Info in <TGeoManager::CloseGeometry>: ----------------modeler ready----------------
vertexline variance is negative: -0.000001
ref-point=(-3.180956,-11.438164,4.891021)
pos=(-3.180956,-11.438164,4.891021) at t=-0.000000
err=
[ -482940407705135680.000000, -837302146674758144.000000, -82817788251.888779 ] 
[ -837302146674758144.000000, -1451679790286803456.000000, -143584430424.367371 ] 
[ -82817788251.888779, -143584430424.367371, 2129384.887724 ] 
vertexline variance is negative: -9385956026123.726562
ref-point=(-3.180956,-11.438164,4.891021)
pos=(-3.181565,-11.440355,4.891983) at t=0.002470
err=
[ -482940407705135680.000000, -837302146674758144.000000, -82817788251.888779 ] 
[ -837302146674758144.000000, -1451679790286803456.000000, -143584430424.367371 ] 
[ -82817788251.888779, -143584430424.367371, 2129384.887724 ] 
vertexline variance is negative: -9384009331827.583984
ref-point=(-3.180956,-11.438164,4.891021)
pos=(-3.180346,-11.435973,4.890059) at t=-0.002469
err=
[ -482940407705135680.000000, -837302146674758144.000000, -82817788251.888779 ] 
[ -837302146674758144.000000, -1451679790286803456.000000, -143584430424.367371 ] 
[ -82817788251.888779, -143584430424.367371, 2129384.887724 ] 
vertexline variance is negative: -0.000001
ref-point=(-3.180956,-11.438164,4.891021)
pos=(-3.180956,-11.438164,4.891021) at t=-0.000000
err=
[ -482940407705135680.000000, -837302146674758144.000000, -82817788251.888779 ] 
[ -837302146674758144.000000, -1451679790286803456.000000, -143584430424.367371 ] 
[ -82817788251.888779, -143584430424.367371, 2129384.887724 ] 
vertexline variance is negative: -9385956026123.726562
ref-point=(-3.180956,-11.438164,4.891021)
pos=(-3.181565,-11.440355,4.891983) at t=0.002470
err=
[ -482940407705135680.000000, -837302146674758144.000000, -82817788251.888779 ] 
[ -837302146674758144.000000, -1451679790286803456.000000, -143584430424.367371 ] 
[ -82817788251.888779, -143584430424.367371, 2129384.887724 ] 
vertexline variance is negative: -9384009331827.583984
ref-point=(-3.180956,-11.438164,4.891021)
pos=(-3.180346,-11.435973,4.890059) at t=-0.002469
err=
[ -482940407705135680.000000, -837302146674758144.000000, -82817788251.888779 ] 
[ -837302146674758144.000000, -1451679790286803456.000000, -143584430424.367371 ] 
[ -82817788251.888779, -143584430424.367371, 2129384.887724 ] 
vertexline variance is negative: -939471868491152.000000
ref-point=(-3.180956,-11.438164,4.891021)
pos=(-3.187052,-11.460086,4.900649) at t=0.024708
err=
[ -482940407705135680.000000, -837302146674758144.000000, -82817788251.888779 ] 
[ -837302146674758144.000000, -1451679790286803456.000000, -143584430424.367371 ] 
[ -82817788251.888779, -143584430424.367371, 2129384.887724 ] 
vertexline variance is negative: -937525163586487.875000
ref-point=(-3.180956,-11.438164,4.891021)
pos=(-3.174865,-11.416263,4.881402) at t=-0.024682
err=
[ -482940407705135680.000000, -837302146674758144.000000, -82817788251.888779 ] 
[ -837302146674758144.000000, -1451679790286803456.000000, -143584430424.367371 ] 
[ -82817788251.888779, -143584430424.367371, 2129384.887724 ] 
vertexline variance is negative: -94825686630645120.000000
ref-point=(-3.180956,-11.438164,4.891021)
pos=(-3.242208,-11.658415,4.987753) at t=0.248233
err=
[ -482940407705135680.000000, -837302146674758144.000000, -82817788251.888779 ] 
[ -837302146674758144.000000, -1451679790286803456.000000, -143584430424.367371 ] 
[ -82817788251.888779, -143584430424.367371, 2129384.887724 ] 
vertexline variance is negative: -92878981839825232.000000
ref-point=(-3.180956,-11.438164,4.891021)
pos=(-3.120336,-11.220185,4.795286) at t=-0.245672
err=
[ -482940407705135680.000000, -837302146674758144.000000, -82817788251.888779 ] 
[ -837302146674758144.000000, -1451679790286803456.000000, -143584430424.367371 ] 
[ -82817788251.888779, -143584430424.367371, 2129384.887724 ] 
vertexline variance is negative: -10383399570500130816.000000
ref-point=(-3.180956,-11.438164,4.891021)
pos=(-3.821910,-13.742922,5.903251) at t=2.597565
err=
[ -482940407705135680.000000, -837302146674758144.000000, -82817788251.888779 ] 
[ -837302146674758144.000000, -1451679790286803456.000000, -143584430424.367371 ] 
[ -82817788251.888779, -143584430424.367371, 2129384.887724 ] 
vertexline variance is negative: -8436719488446935040.000000
ref-point=(-3.180956,-11.438164,4.891021)
pos=(-2.603200,-9.360657,3.978597) at t=-2.341442
err=
[ -482940407705135680.000000, -837302146674758144.000000, -82817788251.888779 ] 
[ -837302146674758144.000000, -1451679790286803456.000000, -143584430424.367371 ] 
[ -82817788251.888779, -143584430424.367371, 2129384.887724 ] 
vertexline variance is negative: -2161159820800834404352.000000
ref-point=(-3.180956,-11.438164,4.891021)
pos=(-12.427957,-44.688734,19.494389) at t=37.474869
err=
[ -482940407705135680.000000, -837302146674758144.000000, -82817788251.888779 ] 
[ -837302146674758144.000000, -1451679790286803456.000000, -143584430424.367371 ] 
[ -82817788251.888779, -143584430424.367371, 2129384.887724 ] 
vertexline variance is negative: -216949456047237005312.000000
ref-point=(-3.180956,-11.438164,4.891021)
pos=(-0.251164,-0.903154,0.264134) at t=-11.873424
err=
[ -482940407705135680.000000, -837302146674758144.000000, -82817788251.888779 ] 
[ -837302146674758144.000000, -1451679790286803456.000000, -143584430424.367371 ] 
[ -82817788251.888779, -143584430424.367371, 2129384.887724 ] 
vertexline variance is negative: -0.000001
ref-point=(-3.180956,-11.438164,4.891021)
pos=(-3.180956,-11.438164,4.891021) at t=-0.000000
err=
[ -482940407705135680.000000, -837302146674758144.000000, -82817788251.888779 ] 
[ -837302146674758144.000000, -1451679790286803456.000000, -143584430424.367371 ] 
[ -82817788251.888779, -143584430424.367371, 2129384.887724 ] 
vertexline variance is negative: -4829403945.176229
ref-point=(-3.180856,-11.438164,4.891021)
pos=(-3.180956,-11.438164,4.891021) at t=-0.000000
err=
[ -482940407705135680.000000, -837302146674758144.000000, -82817788251.888779 ] 
[ -837302146674758144.000000, -1451679790286803456.000000, -143584430424.367371 ] 
[ -82817788251.888779, -143584430424.367371, 2129384.887724 ] 
vertexline variance is negative: -9816595608298.738281
ref-point=(-3.180856,-11.438164,4.891021)
pos=(-3.181565,-11.440355,4.891983) at t=0.002470
err=
[ -482940407705135680.000000, -837302146674758144.000000, -82817788251.888779 ] 
[ -837302146674758144.000000, -1451679790286803456.000000, -143584430424.367371 ] 
[ -82817788251.888779, -143584430424.367371, 2129384.887724 ] 
vertexline variance is negative: -8963072717678.535156
ref-point=(-3.180856,-11.438164,4.891021)
pos=(-3.180346,-11.435973,4.890059) at t=-0.002469
err=
[ -482940407705135680.000000, -837302146674758144.000000, -82817788251.888779 ] 
[ -837302146674758144.000000, -1451679790286803456.000000, -143584430424.367371 ] 
[ -82817788251.888779, -143584430424.367371, 2129384.887724 ] 
vertexline variance is negative: -4829403945.176229
ref-point=(-3.180856,-11.438164,4.891021)
pos=(-3.180956,-11.438164,4.891021) at t=-0.000000
err=
[ -482940407705135680.000000, -837302146674758144.000000, -82817788251.888779 ] 
[ -837302146674758144.000000, -1451679790286803456.000000, -143584430424.367371 ] 
[ -82817788251.888779, -143584430424.367371, 2129384.887724 ] 
vertexline variance is negative: -9816595608298.738281
ref-point=(-3.180856,-11.438164,4.891021)
pos=(-3.181565,-11.440355,4.891983) at t=0.002470
err=
[ -482940407705135680.000000, -837302146674758144.000000, -82817788251.888779 ] 
[ -837302146674758144.000000, -1451679790286803456.000000, -143584430424.367371 ] 
[ -82817788251.888779, -143584430424.367371, 2129384.887724 ] 
vertexline variance is negative: -8963072717678.535156
ref-point=(-3.180856,-11.438164,4.891021)
pos=(-3.180346,-11.435973,4.890059) at t=-0.002469
err=
[ -482940407705135680.000000, -837302146674758144.000000, -82817788251.888779 ] 
[ -837302146674758144.000000, -1451679790286803456.000000, -143584430424.367371 ] 
[ -82817788251.888779, -143584430424.367371, 2129384.887724 ] 
vertexline variance is negative: -943736786878595.250000
ref-point=(-3.180856,-11.438164,4.891021)
pos=(-3.187052,-11.460086,4.900649) at t=0.024708
err=
[ -482940407705135680.000000, -837302146674758144.000000, -82817788251.888779 ] 
[ -837302146674758144.000000, -1451679790286803456.000000, -143584430424.367371 ] 
[ -82817788251.888779, -143584430424.367371, 2129384.887724 ] 
vertexline variance is negative: -933274320018450.000000
ref-point=(-3.180856,-11.438164,4.891021)
pos=(-3.174865,-11.416263,4.881402) at t=-0.024682
err=
[ -482940407705135680.000000, -837302146674758144.000000, -82817788251.888779 ] 
[ -837302146674758144.000000, -1451679790286803456.000000, -143584430424.367371 ] 
[ -82817788251.888779, -143584430424.367371, 2129384.887724 ] 
vertexline variance is negative: -94868491066791744.000000
ref-point=(-3.180856,-11.438164,4.891021)
pos=(-3.242208,-11.658415,4.987753) at t=0.248233
err=
[ -482940407705135680.000000, -837302146674758144.000000, -82817788251.888779 ] 
[ -837302146674758144.000000, -1451679790286803456.000000, -143584430424.367371 ] 
[ -82817788251.888779, -143584430424.367371, 2129384.887724 ] 
vertexline variance is negative: -92836628663623408.000000
ref-point=(-3.180856,-11.438164,4.891021)
pos=(-3.120336,-11.220185,4.795286) at t=-0.245672
err=
[ -482940407705135680.000000, -837302146674758144.000000, -82817788251.888779 ] 
[ -837302146674758144.000000, -1451679790286803456.000000, -143584430424.367371 ] 
[ -82817788251.888779, -143584430424.367371, 2129384.887724 ] 
vertexline variance is negative: -10383847439751626752.000000
ref-point=(-3.180856,-11.438164,4.891021)
pos=(-3.821910,-13.742922,5.903251) at t=2.597565
err=
[ -482940407705135680.000000, -837302146674758144.000000, -82817788251.888779 ] 
[ -837302146674758144.000000, -1451679790286803456.000000, -143584430424.367371 ] 
[ -82817788251.888779, -143584430424.367371, 2129384.887724 ] 
vertexline variance is negative: -8436315788781093888.000000
ref-point=(-3.180856,-11.438164,4.891021)
pos=(-2.603200,-9.360657,3.978597) at t=-2.341442
err=
[ -482940407705135680.000000, -837302146674758144.000000, -82817788251.888779 ] 
[ -837302146674758144.000000, -1451679790286803456.000000, -143584430424.367371 ] 
[ -82817788251.888779, -143584430424.367371, 2129384.887724 ] 
vertexline variance is negative: -2161166282110380015616.000000
ref-point=(-3.180856,-11.438164,4.891021)
pos=(-12.427957,-44.688734,19.494389) at t=37.474869
err=
[ -482940407705135680.000000, -837302146674758144.000000, -82817788251.888779 ] 
[ -837302146674758144.000000, -1451679790286803456.000000, -143584430424.367371 ] 
[ -82817788251.888779, -143584430424.367371, 2129384.887724 ] 
vertexline variance is negative: -216947408871909556224.000000
ref-point=(-3.180856,-11.438164,4.891021)
pos=(-0.251164,-0.903154,0.264134) at t=-11.873424
err=
[ -482940407705135680.000000, -837302146674758144.000000, -82817788251.888779 ] 
[ -837302146674758144.000000, -1451679790286803456.000000, -143584430424.367371 ] 
[ -82817788251.888779, -143584430424.367371, 2129384.887724 ] 
vertexline variance is negative: -4829403945.176229
ref-point=(-3.180856,-11.438164,4.891021)
pos=(-3.180956,-11.438164,4.891021) at t=-0.000000
err=
[ -482940407705135680.000000, -837302146674758144.000000, -82817788251.888779 ] 
[ -837302146674758144.000000, -1451679790286803456.000000, -143584430424.367371 ] 
[ -82817788251.888779, -143584430424.367371, 2129384.887724 ] 
vertexline variance is negative: -4829404208.967253
ref-point=(-3.181056,-11.438164,4.891021)
pos=(-3.180956,-11.438164,4.891021) at t=-0.000000
err=
[ -482940407705135680.000000, -837302146674758144.000000, -82817788251.888779 ] 
[ -837302146674758144.000000, -1451679790286803456.000000, -143584430424.367371 ] 
[ -82817788251.888779, -143584430424.367371, 2129384.887724 ] 
vertexline variance is negative: -8964975252102.855469
ref-point=(-3.181056,-11.438164,4.891021)
pos=(-3.181565,-11.440355,4.891983) at t=0.002470
err=
[ -482940407705135680.000000, -837302146674758144.000000, -82817788251.888779 ] 
[ -837302146674758144.000000, -1451679790286803456.000000, -143584430424.367371 ] 
[ -82817788251.888779, -143584430424.367371, 2129384.887724 ] 
vertexline variance is negative: -9814604754130.777344
ref-point=(-3.181056,-11.438164,4.891021)
pos=(-3.180346,-11.435973,4.890059) at t=-0.002469
err=
[ -482940407705135680.000000, -837302146674758144.000000, -82817788251.888779 ] 
[ -837302146674758144.000000, -1451679790286803456.000000, -143584430424.367371 ] 
[ -82817788251.888779, -143584430424.367371, 2129384.887724 ] 
vertexline variance is negative: -4829404208.967253
ref-point=(-3.181056,-11.438164,4.891021)
pos=(-3.180956,-11.438164,4.891021) at t=-0.000000
err=
[ -482940407705135680.000000, -837302146674758144.000000, -82817788251.888779 ] 
[ -837302146674758144.000000, -1451679790286803456.000000, -143584430424.367371 ] 
[ -82817788251.888779, -143584430424.367371, 2129384.887724 ] 
vertexline variance is negative: -8964975252102.855469
ref-point=(-3.181056,-11.438164,4.891021)
pos=(-3.181565,-11.440355,4.891983) at t=0.002470
err=
[ -482940407705135680.000000, -837302146674758144.000000, -82817788251.888779 ] 
[ -837302146674758144.000000, -1451679790286803456.000000, -143584430424.367371 ] 
[ -82817788251.888779, -143584430424.367371, 2129384.887724 ] 
vertexline variance is negative: -9814604754130.777344
ref-point=(-3.181056,-11.438164,4.891021)
pos=(-3.180346,-11.435973,4.890059) at t=-0.002469
err=
[ -482940407705135680.000000, -837302146674758144.000000, -82817788251.888779 ] 
[ -837302146674758144.000000, -1451679790286803456.000000, -143584430424.367371 ] 
[ -82817788251.888779, -143584430424.367371, 2129384.887724 ] 
vertexline variance is negative: -935216608911863.125000
ref-point=(-3.181056,-11.438164,4.891021)
pos=(-3.187052,-11.460086,4.900649) at t=0.024708
err=
[ -482940407705135680.000000, -837302146674758144.000000, -82817788251.888779 ] 
[ -837302146674758144.000000, -1451679790286803456.000000, -143584430424.367371 ] 
[ -82817788251.888779, -143584430424.367371, 2129384.887724 ] 
vertexline variance is negative: -941785665962680.125000
ref-point=(-3.181056,-11.438164,4.891021)
pos=(-3.174865,-11.416263,4.881402) at t=-0.024682
err=
[ -482940407705135680.000000, -837302146674758144.000000, -82817788251.888779 ] 
[ -837302146674758144.000000, -1451679790286803456.000000, -143584430424.367371 ] 
[ -82817788251.888779, -143584430424.367371, 2129384.887724 ] 
vertexline variance is negative: -94782891853306672.000000
ref-point=(-3.181056,-11.438164,4.891021)
pos=(-3.242208,-11.658415,4.987753) at t=0.248233
err=
[ -482940407705135680.000000, -837302146674758144.000000, -82817788251.888779 ] 
[ -837302146674758144.000000, -1451679790286803456.000000, -143584430424.367371 ] 
[ -82817788251.888779, -143584430424.367371, 2129384.887724 ] 
vertexline variance is negative: -92921344674835184.000000
ref-point=(-3.181056,-11.438164,4.891021)
pos=(-3.120336,-11.220185,4.795286) at t=-0.245672
err=
[ -482940407705135680.000000, -837302146674758144.000000, -82817788251.888779 ] 
[ -837302146674758144.000000, -1451679790286803456.000000, -143584430424.367371 ] 
[ -82817788251.888779, -143584430424.367371, 2129384.887724 ] 
vertexline variance is negative: -10382951710907445248.000000
ref-point=(-3.181056,-11.438164,4.891021)
pos=(-3.821910,-13.742922,5.903251) at t=2.597565
err=
[ -482940407705135680.000000, -837302146674758144.000000, -82817788251.888779 ] 
[ -837302146674758144.000000, -1451679790286803456.000000, -143584430424.367371 ] 
[ -82817788251.888779, -143584430424.367371, 2129384.887724 ] 
vertexline variance is negative: -8437123197771585536.000000
ref-point=(-3.181056,-11.438164,4.891021)
pos=(-2.603200,-9.360657,3.978597) at t=-2.341442
err=
[ -482940407705135680.000000, -837302146674758144.000000, -82817788251.888779 ] 
[ -837302146674758144.000000, -1451679790286803456.000000, -143584430424.367371 ] 
[ -82817788251.888779, -143584430424.367371, 2129384.887724 ] 
vertexline variance is negative: -2161153359500947750912.000000
ref-point=(-3.181056,-11.438164,4.891021)
pos=(-12.427957,-44.688734,19.494389) at t=37.474869
err=
[ -482940407705135680.000000, -837302146674758144.000000, -82817788251.888779 ] 
[ -837302146674758144.000000, -1451679790286803456.000000, -143584430424.367371 ] 
[ -82817788251.888779, -143584430424.367371, 2129384.887724 ] 
vertexline variance is negative: -216951503232223248384.000000
ref-point=(-3.181056,-11.438164,4.891021)
pos=(-0.251164,-0.903154,0.264134) at t=-11.873424
err=
[ -482940407705135680.000000, -837302146674758144.000000, -82817788251.888779 ] 
[ -837302146674758144.000000, -1451679790286803456.000000, -143584430424.367371 ] 
[ -82817788251.888779, -143584430424.367371, 2129384.887724 ] 
vertexline variance is negative: -4829404208.967253
ref-point=(-3.181056,-11.438164,4.891021)
pos=(-3.180956,-11.438164,4.891021) at t=-0.000000
err=
[ -482940407705135680.000000, -837302146674758144.000000, -82817788251.888779 ] 
[ -837302146674758144.000000, -1451679790286803456.000000, -143584430424.367371 ] 
[ -82817788251.888779, -143584430424.367371, 2129384.887724 ] 
vertexline variance is negative: -14516797674.125391
ref-point=(-3.180956,-11.438064,4.891021)
pos=(-3.180956,-11.438164,4.891021) at t=-0.000000
err=
[ -482940407705135680.000000, -837302146674758144.000000, -82817788251.888779 ] 
[ -837302146674758144.000000, -1451679790286803456.000000, -143584430424.367371 ] 
[ -82817788251.888779, -143584430424.367371, 2129384.887724 ] 
vertexline variance is negative: -10138724886564.189453
ref-point=(-3.180956,-11.438064,4.891021)
pos=(-3.181565,-11.440355,4.891983) at t=0.002470
err=
[ -482940407705135680.000000, -837302146674758144.000000, -82817788251.888779 ] 
[ -837302146674758144.000000, -1451679790286803456.000000, -143584430424.367371 ] 
[ -82817788251.888779, -143584430424.367371, 2129384.887724 ] 
vertexline variance is negative: -8660350629750.710938
ref-point=(-3.180956,-11.438064,4.891021)
pos=(-3.180346,-11.435973,4.890059) at t=-0.002469
err=
[ -482940407705135680.000000, -837302146674758144.000000, -82817788251.888779 ] 
[ -837302146674758144.000000, -1451679790286803456.000000, -143584430424.367371 ] 
[ -82817788251.888779, -143584430424.367371, 2129384.887724 ] 
vertexline variance is negative: -14516797674.125391
ref-point=(-3.180956,-11.438064,4.891021)
pos=(-3.180956,-11.438164,4.891021) at t=-0.000000
err=
[ -482940407705135680.000000, -837302146674758144.000000, -82817788251.888779 ] 
[ -837302146674758144.000000, -1451679790286803456.000000, -143584430424.367371 ] 
[ -82817788251.888779, -143584430424.367371, 2129384.887724 ] 
vertexline variance is negative: -10138724886564.189453
ref-point=(-3.180956,-11.438064,4.891021)
pos=(-3.181565,-11.440355,4.891983) at t=0.002470
err=
[ -482940407705135680.000000, -837302146674758144.000000, -82817788251.888779 ] 
[ -837302146674758144.000000, -1451679790286803456.000000, -143584430424.367371 ] 
[ -82817788251.888779, -143584430424.367371, 2129384.887724 ] 
vertexline variance is negative: -8660350629750.710938
ref-point=(-3.180956,-11.438064,4.891021)
pos=(-3.180346,-11.435973,4.890059) at t=-0.002469
err=
[ -482940407705135680.000000, -837302146674758144.000000, -82817788251.888779 ] 
[ -837302146674758144.000000, -1451679790286803456.000000, -143584430424.367371 ] 
[ -82817788251.888779, -143584430424.367371, 2129384.887724 ] 
vertexline variance is negative: -946872351243679.375000
ref-point=(-3.180956,-11.438064,4.891021)
pos=(-3.187052,-11.460086,4.900649) at t=0.024708
err=
[ -482940407705135680.000000, -837302146674758144.000000, -82817788251.888779 ] 
[ -837302146674758144.000000, -1451679790286803456.000000, -143584430424.367371 ] 
[ -82817788251.888779, -143584430424.367371, 2129384.887724 ] 
vertexline variance is negative: -930161370727294.875000
ref-point=(-3.180956,-11.438064,4.891021)
pos=(-3.174865,-11.416263,4.881402) at t=-0.024682
err=
[ -482940407705135680.000000, -837302146674758144.000000, -82817788251.888779 ] 
[ -837302146674758144.000000, -1451679790286803456.000000, -143584430424.367371 ] 
[ -82817788251.888779, -143584430424.367371, 2129384.887724 ] 
vertexline variance is negative: -94899905334140992.000000
ref-point=(-3.180956,-11.438064,4.891021)
pos=(-3.242208,-11.658415,4.987753) at t=0.248233
err=
[ -482940407705135680.000000, -837302146674758144.000000, -82817788251.888779 ] 
[ -837302146674758144.000000, -1451679790286803456.000000, -143584430424.367371 ] 
[ -82817788251.888779, -143584430424.367371, 2129384.887724 ] 
vertexline variance is negative: -92805557799698032.000000
ref-point=(-3.180956,-11.438064,4.891021)
pos=(-3.120336,-11.220185,4.795286) at t=-0.245672
err=
[ -482940407705135680.000000, -837302146674758144.000000, -82817788251.888779 ] 
[ -837302146674758144.000000, -1451679790286803456.000000, -143584430424.367371 ] 
[ -82817788251.888779, -143584430424.367371, 2129384.887724 ] 
vertexline variance is negative: -10384176073814878208.000000
ref-point=(-3.180956,-11.438064,4.891021)
pos=(-3.821910,-13.742922,5.903251) at t=2.597565
err=
[ -482940407705135680.000000, -837302146674758144.000000, -82817788251.888779 ] 
[ -837302146674758144.000000, -1451679790286803456.000000, -143584430424.367371 ] 
[ -82817788251.888779, -143584430424.367371, 2129384.887724 ] 
vertexline variance is negative: -8436019576819172352.000000
ref-point=(-3.180956,-11.438064,4.891021)
pos=(-2.603200,-9.360657,3.978597) at t=-2.341442
err=
[ -482940407705135680.000000, -837302146674758144.000000, -82817788251.888779 ] 
[ -837302146674758144.000000, -1451679790286803456.000000, -143584430424.367371 ] 
[ -82817788251.888779, -143584430424.367371, 2129384.887724 ] 
vertexline variance is negative: -2161171023158034825216.000000
ref-point=(-3.180956,-11.438064,4.891021)
pos=(-12.427957,-44.688734,19.494389) at t=37.474869
err=
[ -482940407705135680.000000, -837302146674758144.000000, -82817788251.888779 ] 
[ -837302146674758144.000000, -1451679790286803456.000000, -143584430424.367371 ] 
[ -82817788251.888779, -143584430424.367371, 2129384.887724 ] 
vertexline variance is negative: -216945906745530482688.000000
ref-point=(-3.180956,-11.438064,4.891021)
pos=(-0.251164,-0.903154,0.264134) at t=-11.873424
err=
[ -482940407705135680.000000, -837302146674758144.000000, -82817788251.888779 ] 
[ -837302146674758144.000000, -1451679790286803456.000000, -143584430424.367371 ] 
[ -82817788251.888779, -143584430424.367371, 2129384.887724 ] 
vertexline variance is negative: -14516797674.125391
ref-point=(-3.180956,-11.438064,4.891021)
pos=(-3.180956,-11.438164,4.891021) at t=-0.000000
err=
[ -482940407705135680.000000, -837302146674758144.000000, -82817788251.888779 ] 
[ -837302146674758144.000000, -1451679790286803456.000000, -143584430424.367371 ] 
[ -82817788251.888779, -143584430424.367371, 2129384.887724 ] 
vertexline variance is negative: -14516798131.475351
ref-point=(-3.180956,-11.438264,4.891021)
pos=(-3.180956,-11.438164,4.891021) at t=-0.000000
err=
[ -482940407705135680.000000, -837302146674758144.000000, -82817788251.888779 ] 
[ -837302146674758144.000000, -1451679790286803456.000000, -143584430424.367371 ] 
[ -82817788251.888779, -143584430424.367371, 2129384.887724 ] 
vertexline variance is negative: -8662220761488.861328
ref-point=(-3.180956,-11.438264,4.891021)
pos=(-3.181565,-11.440355,4.891983) at t=0.002470
err=
[ -482940407705135680.000000, -837302146674758144.000000, -82817788251.888779 ] 
[ -837302146674758144.000000, -1451679790286803456.000000, -143584430424.367371 ] 
[ -82817788251.888779, -143584430424.367371, 2129384.887724 ] 
vertexline variance is negative: -10136701629710.060547
ref-point=(-3.180956,-11.438264,4.891021)
pos=(-3.180346,-11.435973,4.890059) at t=-0.002469
err=
[ -482940407705135680.000000, -837302146674758144.000000, -82817788251.888779 ] 
[ -837302146674758144.000000, -1451679790286803456.000000, -143584430424.367371 ] 
[ -82817788251.888779, -143584430424.367371, 2129384.887724 ] 
vertexline variance is negative: -14516798131.475351
ref-point=(-3.180956,-11.438264,4.891021)
pos=(-3.180956,-11.438164,4.891021) at t=-0.000000
err=
[ -482940407705135680.000000, -837302146674758144.000000, -82817788251.888779 ] 
[ -837302146674758144.000000, -1451679790286803456.000000, -143584430424.367371 ] 
[ -82817788251.888779, -143584430424.367371, 2129384.887724 ] 
vertexline variance is negative: -8662220761488.861328
ref-point=(-3.180956,-11.438264,4.891021)
pos=(-3.181565,-11.440355,4.891983) at t=0.002470
err=
[ -482940407705135680.000000, -837302146674758144.000000, -82817788251.888779 ] 
[ -837302146674758144.000000, -1451679790286803456.000000, -143584430424.367371 ] 
[ -82817788251.888779, -143584430424.367371, 2129384.887724 ] 
vertexline variance is negative: -10136701629710.060547
ref-point=(-3.180956,-11.438264,4.891021)
pos=(-3.180346,-11.435973,4.890059) at t=-0.002469
err=
[ -482940407705135680.000000, -837302146674758144.000000, -82817788251.888779 ] 
[ -837302146674758144.000000, -1451679790286803456.000000, -143584430424.367371 ] 
[ -82817788251.888779, -143584430424.367371, 2129384.887724 ] 
vertexline variance is negative: -932100419334430.250000
ref-point=(-3.180956,-11.438264,4.891021)
pos=(-3.187052,-11.460086,4.900649) at t=0.024708
err=
[ -482940407705135680.000000, -837302146674758144.000000, -82817788251.888779 ] 
[ -837302146674758144.000000, -1451679790286803456.000000, -143584430424.367371 ] 
[ -82817788251.888779, -143584430424.367371, 2129384.887724 ] 
vertexline variance is negative: -944917990041486.500000
ref-point=(-3.180956,-11.438264,4.891021)
pos=(-3.174865,-11.416263,4.881402) at t=-0.024682
err=
[ -482940407705135680.000000, -837302146674758144.000000, -82817788251.888779 ] 
[ -837302146674758144.000000, -1451679790286803456.000000, -143584430424.367371 ] 
[ -82817788251.888779, -143584430424.367371, 2129384.887724 ] 
vertexline variance is negative: -94751496960745040.000000
ref-point=(-3.180956,-11.438264,4.891021)
pos=(-3.242208,-11.658415,4.987753) at t=0.248233
err=
[ -482940407705135680.000000, -837302146674758144.000000, -82817788251.888779 ] 
[ -837302146674758144.000000, -1451679790286803456.000000, -143584430424.367371 ] 
[ -82817788251.888779, -143584430424.367371, 2129384.887724 ] 
vertexline variance is negative: -92952434913548208.000000
ref-point=(-3.180956,-11.438264,4.891021)
pos=(-3.120336,-11.220185,4.795286) at t=-0.245672
err=
[ -482940407705135680.000000, -837302146674758144.000000, -82817788251.888779 ] 
[ -837302146674758144.000000, -1451679790286803456.000000, -143584430424.367371 ] 
[ -82817788251.888779, -143584430424.367371, 2129384.887724 ] 
vertexline variance is negative: -10382623096218980352.000000
ref-point=(-3.180956,-11.438264,4.891021)
pos=(-3.821910,-13.742922,5.903251) at t=2.597565
err=
[ -482940407705135680.000000, -837302146674758144.000000, -82817788251.888779 ] 
[ -837302146674758144.000000, -1451679790286803456.000000, -143584430424.367371 ] 
[ -82817788251.888779, -143584430424.367371, 2129384.887724 ] 
vertexline variance is negative: -8437419429108294656.000000
ref-point=(-3.180956,-11.438264,4.891021)
pos=(-2.603200,-9.360657,3.978597) at t=-2.341442
err=
[ -482940407705135680.000000, -837302146674758144.000000, -82817788251.888779 ] 
[ -837302146674758144.000000, -1451679790286803456.000000, -143584430424.367371 ] 
[ -82817788251.888779, -143584430424.367371, 2129384.887724 ] 
vertexline variance is negative: -2161148618472668004352.000000
ref-point=(-3.180956,-11.438264,4.891021)
pos=(-12.427957,-44.688734,19.494389) at t=37.474869
err=
[ -482940407705135680.000000, -837302146674758144.000000, -82817788251.888779 ] 
[ -837302146674758144.000000, -1451679790286803456.000000, -143584430424.367371 ] 
[ -82817788251.888779, -143584430424.367371, 2129384.887724 ] 
vertexline variance is negative: -216953005377977090048.000000
ref-point=(-3.180956,-11.438264,4.891021)
pos=(-0.251164,-0.903154,0.264134) at t=-11.873424
err=
[ -482940407705135680.000000, -837302146674758144.000000, -82817788251.888779 ] 
[ -837302146674758144.000000, -1451679790286803456.000000, -143584430424.367371 ] 
[ -82817788251.888779, -143584430424.367371, 2129384.887724 ] 
vertexline variance is negative: -14516798131.475351
ref-point=(-3.180956,-11.438264,4.891021)
pos=(-3.180956,-11.438164,4.891021) at t=-0.000000
err=
[ -482940407705135680.000000, -837302146674758144.000000, -82817788251.888779 ] 
[ -837302146674758144.000000, -1451679790286803456.000000, -143584430424.367371 ] 
[ -82817788251.888779, -143584430424.367371, 2129384.887724 ] 
vertexline variance is negative: -93850799085.824432
ref-point=(-3.180956,-11.438164,4.891121)
pos=(-3.181017,-11.438383,4.891117) at t=0.000247
err=
[ -482940407705135680.000000, -837302146674758144.000000, -82817788251.888779 ] 
[ -837302146674758144.000000, -1451679790286803456.000000, -143584430424.367371 ] 
[ -82817788251.888779, -143584430424.367371, 2129384.887724 ] 
vertexline variance is negative: -93848839124.717438
ref-point=(-3.180956,-11.438164,4.891121)
pos=(-3.180895,-11.437944,4.890925) at t=-0.000247
err=
[ -482940407705135680.000000, -837302146674758144.000000, -82817788251.888779 ] 
[ -837302146674758144.000000, -1451679790286803456.000000, -143584430424.367371 ] 
[ -82817788251.888779, -143584430424.367371, 2129384.887724 ] 
vertexline variance is negative: -93850806688.224396
ref-point=(-3.180956,-11.438164,4.891121)
pos=(-3.181017,-11.438383,4.891117) at t=0.000247
err=
[ -482940407705135680.000000, -837302146674758144.000000, -82817788251.888779 ] 
[ -837302146674758144.000000, -1451679790286803456.000000, -143584430424.367371 ] 
[ -82817788251.888779, -143584430424.367371, 2129384.887724 ] 
vertexline variance is negative: -93848846305.562469
ref-point=(-3.180956,-11.438164,4.891121)
pos=(-3.180895,-11.437944,4.890925) at t=-0.000247
err=
[ -482940407705135680.000000, -837302146674758144.000000, -82817788251.888779 ] 
[ -837302146674758144.000000, -1451679790286803456.000000, -143584430424.367371 ] 
[ -82817788251.888779, -143584430424.367371, 2129384.887724 ] 
vertexline variance is negative: -93850858225.858307
ref-point=(-3.180956,-11.438164,4.891121)
pos=(-3.181017,-11.438383,4.891117) at t=0.000247
err=
[ -482940407705135680.000000, -837302146674758144.000000, -82817788251.888779 ] 
[ -837302146674758144.000000, -1451679790286803456.000000, -143584430424.367371 ] 
[ -82817788251.888779, -143584430424.367371, 2129384.887724 ] 
vertexline variance is negative: -93848779986.631058
ref-point=(-3.180956,-11.438164,4.891121)
pos=(-3.180895,-11.437944,4.890925) at t=-0.000247
err=
[ -482940407705135680.000000, -837302146674758144.000000, -82817788251.888779 ] 
[ -837302146674758144.000000, -1451679790286803456.000000, -143584430424.367371 ] 
[ -82817788251.888779, -143584430424.367371, 2129384.887724 ] 
vertexline variance is negative: -93850784482.422821
ref-point=(-3.180956,-11.438164,4.890921)
pos=(-3.181017,-11.438383,4.891117) at t=0.000247
err=
[ -482940407705135680.000000, -837302146674758144.000000, -82817788251.888779 ] 
[ -837302146674758144.000000, -1451679790286803456.000000, -143584430424.367371 ] 
[ -82817788251.888779, -143584430424.367371, 2129384.887724 ] 
vertexline variance is negative: -93848853727.967682
ref-point=(-3.180956,-11.438164,4.890921)
pos=(-3.180895,-11.437944,4.890925) at t=-0.000247
err=
[ -482940407705135680.000000, -837302146674758144.000000, -82817788251.888779 ] 
[ -837302146674758144.000000, -1451679790286803456.000000, -143584430424.367371 ] 
[ -82817788251.888779, -143584430424.367371, 2129384.887724 ] 
vertexline variance is negative: -93850792084.822220
ref-point=(-3.180956,-11.438164,4.890921)
pos=(-3.181017,-11.438383,4.891117) at t=0.000247
err=
[ -482940407705135680.000000, -837302146674758144.000000, -82817788251.888779 ] 
[ -837302146674758144.000000, -1451679790286803456.000000, -143584430424.367371 ] 
[ -82817788251.888779, -143584430424.367371, 2129384.887724 ] 
vertexline variance is negative: -93848860908.813263
ref-point=(-3.180956,-11.438164,4.890921)
pos=(-3.180895,-11.437944,4.890925) at t=-0.000247
err=
[ -482940407705135680.000000, -837302146674758144.000000, -82817788251.888779 ] 
[ -837302146674758144.000000, -1451679790286803456.000000, -143584430424.367371 ] 
[ -82817788251.888779, -143584430424.367371, 2129384.887724 ] 
vertexline variance is negative: -93850710980.767715
ref-point=(-3.180956,-11.438164,4.890921)
pos=(-3.181017,-11.438383,4.891117) at t=0.000247
err=
[ -482940407705135680.000000, -837302146674758144.000000, -82817788251.888779 ] 
[ -837302146674758144.000000, -1451679790286803456.000000, -143584430424.367371 ] 
[ -82817788251.888779, -143584430424.367371, 2129384.887724 ] 
vertexline variance is negative: -93848927229.084595
ref-point=(-3.180956,-11.438164,4.890921)
pos=(-3.180895,-11.437944,4.890925) at t=-0.000247
err=
[ -482940407705135680.000000, -837302146674758144.000000, -82817788251.888779 ] 
[ -837302146674758144.000000, -1451679790286803456.000000, -143584430424.367371 ] 
[ -82817788251.888779, -143584430424.367371, 2129384.887724 ] 
vertexline variance is negative: -93850784482.422821
ref-point=(-3.180956,-11.438164,4.890921)
pos=(-3.181017,-11.438383,4.891117) at t=0.000247
err=
[ -482940407705135680.000000, -837302146674758144.000000, -82817788251.888779 ] 
[ -837302146674758144.000000, -1451679790286803456.000000, -143584430424.367371 ] 
[ -82817788251.888779, -143584430424.367371, 2129384.887724 ] 
vertexline variance is negative: -93848853727.967682
ref-point=(-3.180956,-11.438164,4.890921)
pos=(-3.180895,-11.437944,4.890925) at t=-0.000247
err=
[ -482940407705135680.000000, -837302146674758144.000000, -82817788251.888779 ] 
[ -837302146674758144.000000, -1451679790286803456.000000, -143584430424.367371 ] 
[ -82817788251.888779, -143584430424.367371, 2129384.887724 ] 
vertexline variance is negative: -93850792084.822220
ref-point=(-3.180956,-11.438164,4.890921)
pos=(-3.181017,-11.438383,4.891117) at t=0.000247
err=
[ -482940407705135680.000000, -837302146674758144.000000, -82817788251.888779 ] 
[ -837302146674758144.000000, -1451679790286803456.000000, -143584430424.367371 ] 
[ -82817788251.888779, -143584430424.367371, 2129384.887724 ] 
vertexline variance is negative: -93848860908.813263
ref-point=(-3.180956,-11.438164,4.890921)
pos=(-3.180895,-11.437944,4.890925) at t=-0.000247
err=
[ -482940407705135680.000000, -837302146674758144.000000, -82817788251.888779 ] 
[ -837302146674758144.000000, -1451679790286803456.000000, -143584430424.367371 ] 
[ -82817788251.888779, -143584430424.367371, 2129384.887724 ] 
vertexline variance is negative: -93850710980.767715
ref-point=(-3.180956,-11.438164,4.890921)
pos=(-3.181017,-11.438383,4.891117) at t=0.000247
err=
[ -482940407705135680.000000, -837302146674758144.000000, -82817788251.888779 ] 
[ -837302146674758144.000000, -1451679790286803456.000000, -143584430424.367371 ] 
[ -82817788251.888779, -143584430424.367371, 2129384.887724 ] 
vertexline variance is negative: -93848927229.084595
ref-point=(-3.180956,-11.438164,4.890921)
pos=(-3.180895,-11.437944,4.890925) at t=-0.000247
err=
[ -482940407705135680.000000, -837302146674758144.000000, -82817788251.888779 ] 
[ -837302146674758144.000000, -1451679790286803456.000000, -143584430424.367371 ] 
[ -82817788251.888779, -143584430424.367371, 2129384.887724 ] 
vertexline variance is negative: -93850755275.108612
ref-point=(-3.180956,-11.438164,4.890521)
pos=(-3.181017,-11.438383,4.891117) at t=0.000247
err=
[ -482940407705135680.000000, -837302146674758144.000000, -82817788251.888779 ] 
[ -837302146674758144.000000, -1451679790286803456.000000, -143584430424.367371 ] 
[ -82817788251.888779, -143584430424.367371, 2129384.887724 ] 
vertexline variance is negative: -93848882933.957108
ref-point=(-3.180956,-11.438164,4.890521)
pos=(-3.180895,-11.437944,4.890925) at t=-0.000247
err=
[ -482940407705135680.000000, -837302146674758144.000000, -82817788251.888779 ] 
[ -837302146674758144.000000, -1451679790286803456.000000, -143584430424.367371 ] 
[ -82817788251.888779, -143584430424.367371, 2129384.887724 ] 
vertexline variance is negative: -93850762877.506805
ref-point=(-3.180956,-11.438164,4.890521)
pos=(-3.181017,-11.438383,4.891117) at t=0.000247
err=
[ -482940407705135680.000000, -837302146674758144.000000, -82817788251.888779 ] 
[ -837302146674758144.000000, -1451679790286803456.000000, -143584430424.367371 ] 
[ -82817788251.888779, -143584430424.367371, 2129384.887724 ] 
vertexline variance is negative: -93848890114.803802
ref-point=(-3.180956,-11.438164,4.890521)
pos=(-3.180895,-11.437944,4.890925) at t=-0.000247
err=
[ -482940407705135680.000000, -837302146674758144.000000, -82817788251.888779 ] 
[ -837302146674758144.000000, -1451679790286803456.000000, -143584430424.367371 ] 
[ -82817788251.888779, -143584430424.367371, 2129384.887724 ] 
vertexline variance is negative: -93850389034.237793
ref-point=(-3.180956,-11.438164,4.890521)
pos=(-3.181017,-11.438383,4.891117) at t=0.000247
err=
[ -482940407705135680.000000, -837302146674758144.000000, -82817788251.888779 ] 
[ -837302146674758144.000000, -1451679790286803456.000000, -143584430424.367371 ] 
[ -82817788251.888779, -143584430424.367371, 2129384.887724 ] 
vertexline variance is negative: -93849249173.200516
ref-point=(-3.180956,-11.438164,4.890521)
pos=(-3.180895,-11.437944,4.890925) at t=-0.000247
err=
[ -482940407705135680.000000, -837302146674758144.000000, -82817788251.888779 ] 
[ -837302146674758144.000000, -1451679790286803456.000000, -143584430424.367371 ] 
[ -82817788251.888779, -143584430424.367371, 2129384.887724 ] 
vertexline variance is negative: -93850769878.850891
ref-point=(-3.180956,-11.438164,4.890721)
pos=(-3.181017,-11.438383,4.891117) at t=0.000247
err=
[ -482940407705135680.000000, -837302146674758144.000000, -82817788251.888779 ] 
[ -837302146674758144.000000, -1451679790286803456.000000, -143584430424.367371 ] 
[ -82817788251.888779, -143584430424.367371, 2129384.887724 ] 
vertexline variance is negative: -93848868331.047562
ref-point=(-3.180956,-11.438164,4.890721)
pos=(-3.180895,-11.437944,4.890925) at t=-0.000247
err=
[ -482940407705135680.000000, -837302146674758144.000000, -82817788251.888779 ] 
[ -837302146674758144.000000, -1451679790286803456.000000, -143584430424.367371 ] 
[ -82817788251.888779, -143584430424.367371, 2129384.887724 ] 
vertexline variance is negative: -93850777481.249680
ref-point=(-3.180956,-11.438164,4.890721)
pos=(-3.181017,-11.438383,4.891117) at t=0.000247
err=
