Error in <TSystem::ExpandFileName>: input: $HOME/.root.mimes, output: $HOME/.root.mimes
Info in <TGeoManager::TGeoManager>: Geometry default, Detector Geometry created
Info in <TGeoManager::SetTopVolume>: Top volume is world_volume. Master volume is world_volume
Info in <TGeoNavigator::BuildCache>: --- Maximum geometry depth set to 100
++++++++++++++++++++++++++++++++++++++++++++++++++++++++++++++++++++++++++++++++++++++++++++++++++++++++++++++++++++++++++++++
++  The usage of the factory: "Beampipe_o1_v01" is DEPRECATED due to naming conventions.                                    ++
++  Please use "DD4hep_Beampipe_o1_v01" instead.                                                                            ++
++++++++++++++++++++++++++++++++++++++++++++++++++++++++++++++++++++++++++++++++++++++++++++++++++++++++++++++++++++++++++++++
Info in <TGeoManager::CheckGeometry>: Fixing runtime shapes...
Info in <TGeoManager::CheckGeometry>: ...Nothing to fix
Info in <TGeoManager::CloseGeometry>: Counting nodes...
Info in <TGeoManager::Voxelize>: Voxelizing...
Info in <TGeoManager::CloseGeometry>: Building cache...
Info in <TGeoManager::CountLevels>: max level = 5, max placements = 1044
Info in <TGeoManager::CloseGeometry>: 411734 nodes/ 5904 volume UID's in Detector Geometry
Info in <TGeoManager::CloseGeometry>: ----------------modeler ready----------------
vertexline variance is negative: -0.000000
ref-point=(-0.656548,-17.367798,4.168770)
pos=(-0.656548,-17.367798,4.168770) at t=-0.000000
err=
[ -29721921.521530, 654479807.108533, -1267.070651 ] 
[ 654479807.108533, -14411713023.370005, 27901.026755 ] 
[ -1267.070651, 27901.026755, 0.945981 ] 
vertexline variance is negative: -115538.802002
ref-point=(-0.656548,-17.367798,4.168770)
pos=(-0.656655,-17.370634,4.169426) at t=0.002913
err=
[ -29721921.521530, 654479807.108533, -1267.070651 ] 
[ 654479807.108533, -14411713023.370005, 27901.026755 ] 
[ -1267.070651, 27901.026755, 0.945981 ] 
vertexline variance is negative: -115518.850298
ref-point=(-0.656548,-17.367798,4.168770)
pos=(-0.656441,-17.364961,4.168114) at t=-0.002913
err=
[ -29721921.521530, 654479807.108533, -1267.070651 ] 
[ 654479807.108533, -14411713023.370005, 27901.026755 ] 
[ -1267.070651, 27901.026755, 0.945981 ] 
vertexline variance is negative: -0.000000
ref-point=(-0.656548,-17.367798,4.168770)
pos=(-0.656548,-17.367798,4.168770) at t=-0.000000
err=
[ -29721921.521530, 654479807.108533, -1267.070651 ] 
[ 654479807.108533, -14411713023.370005, 27901.026755 ] 
[ -1267.070651, 27901.026755, 0.945981 ] 
vertexline variance is negative: -115538.802002
ref-point=(-0.656548,-17.367798,4.168770)
pos=(-0.656655,-17.370634,4.169426) at t=0.002913
err=
[ -29721921.521530, 654479807.108533, -1267.070651 ] 
[ 654479807.108533, -14411713023.370005, 27901.026755 ] 
[ -1267.070651, 27901.026755, 0.945981 ] 
vertexline variance is negative: -115518.850298
ref-point=(-0.656548,-17.367798,4.168770)
pos=(-0.656441,-17.364961,4.168114) at t=-0.002913
err=
[ -29721921.521530, 654479807.108533, -1267.070651 ] 
[ 654479807.108533, -14411713023.370005, 27901.026755 ] 
[ -1267.070651, 27901.026755, 0.945981 ] 
vertexline variance is negative: -11562861.079089
ref-point=(-0.656548,-17.367798,4.168770)
pos=(-0.657621,-17.396172,4.175335) at t=0.029143
err=
[ -29721921.521530, 654479807.108533, -1267.070651 ] 
[ 654479807.108533, -14411713023.370005, 27901.026755 ] 
[ -1267.070651, 27901.026755, 0.945981 ] 
vertexline variance is negative: -11542908.375215
ref-point=(-0.656548,-17.367798,4.168770)
pos=(-0.655476,-17.339448,4.162210) at t=-0.029118
err=
[ -29721921.521530, 654479807.108533, -1267.070651 ] 
[ 654479807.108533, -14411713023.370005, 27901.026755 ] 
[ -1267.070651, 27901.026755, 0.945981 ] 
vertexline variance is negative: -1165285958.246032
ref-point=(-0.656548,-17.367798,4.168770)
pos=(-0.667320,-17.652640,4.234677) at t=0.292566
err=
[ -29721921.521530, 654479807.108533, -1267.070651 ] 
[ 654479807.108533, -14411713023.370005, 27901.026755 ] 
[ -1267.070651, 27901.026755, 0.945981 ] 
vertexline variance is negative: -1145333247.004797
ref-point=(-0.656548,-17.367798,4.168770)
pos=(-0.645868,-17.085404,4.103430) at t=-0.290051
err=
[ -29721921.521530, 654479807.108533, -1267.070651 ] 
[ 654479807.108533, -14411713023.370005, 27901.026755 ] 
[ -1267.070651, 27901.026755, 0.945981 ] 
vertexline variance is negative: -125718488796.909439
ref-point=(-0.656548,-17.367798,4.168770)
pos=(-0.768437,-20.326410,4.853337) at t=3.038839
err=
[ -29721921.521530, 654479807.108533, -1267.070651 ] 
[ 654479807.108533, -14411713023.370005, 27901.026755 ] 
[ -1267.070651, 27901.026755, 0.945981 ] 
vertexline variance is negative: -105766026330.633438
ref-point=(-0.656548,-17.367798,4.168770)
pos=(-0.553921,-14.654099,3.540871) at t=-2.787283
err=
[ -29721921.521530, 654479807.108533, -1267.070651 ] 
[ 654479807.108533, -14411713023.370005, 27901.026755 ] 
[ -1267.070651, 27901.026755, 0.945981 ] 
vertexline variance is negative: -23649215649152.742188
ref-point=(-0.656548,-17.367798,4.168770)
pos=(-2.191157,-57.946382,13.557890) at t=41.678916
err=
[ -29721921.521530, 654479807.108533, -1267.070651 ] 
[ 654479807.108533, -14411713023.370005, 27901.026755 ] 
[ -1267.070651, 27901.026755, 0.945981 ] 
vertexline variance is negative: -3721627597440.730957
ref-point=(-0.656548,-17.367798,4.168770)
pos=(-0.047774,-1.270426,0.444142) at t=-16.533870
err=
[ -29721921.521530, 654479807.108533, -1267.070651 ] 
[ 654479807.108533, -14411713023.370005, 27901.026755 ] 
[ -1267.070651, 27901.026755, 0.945981 ] 
vertexline variance is negative: -0.000000
ref-point=(-0.656548,-17.367798,4.168770)
pos=(-0.656548,-17.367798,4.168770) at t=-0.000000
err=
[ -29721921.521530, 654479807.108533, -1267.070651 ] 
[ 654479807.108533, -14411713023.370005, 27901.026755 ] 
[ -1267.070651, 27901.026755, 0.945981 ] 
vertexline variance is negative: -0.297220
ref-point=(-0.656448,-17.367798,4.168770)
pos=(-0.656548,-17.367798,4.168770) at t=-0.000000
err=
[ -29721921.521530, 654479807.108533, -1267.070651 ] 
[ 654479807.108533, -14411713023.370005, 27901.026755 ] 
[ -1267.070651, 27901.026755, 0.945981 ] 
vertexline variance is negative: -115168.476215
ref-point=(-0.656448,-17.367798,4.168770)
pos=(-0.656655,-17.370634,4.169426) at t=0.002913
err=
[ -29721921.521530, 654479807.108533, -1267.070651 ] 
[ 654479807.108533, -14411713023.370005, 27901.026755 ] 
[ -1267.070651, 27901.026755, 0.945981 ] 
vertexline variance is negative: -115889.738522
ref-point=(-0.656448,-17.367798,4.168770)
pos=(-0.656441,-17.364961,4.168114) at t=-0.002913
err=
[ -29721921.521530, 654479807.108533, -1267.070651 ] 
[ 654479807.108533, -14411713023.370005, 27901.026755 ] 
[ -1267.070651, 27901.026755, 0.945981 ] 
vertexline variance is negative: -0.297220
ref-point=(-0.656448,-17.367798,4.168770)
pos=(-0.656548,-17.367798,4.168770) at t=-0.000000
err=
[ -29721921.521530, 654479807.108533, -1267.070651 ] 
[ 654479807.108533, -14411713023.370005, 27901.026755 ] 
[ -1267.070651, 27901.026755, 0.945981 ] 
vertexline variance is negative: -115168.476215
ref-point=(-0.656448,-17.367798,4.168770)
pos=(-0.656655,-17.370634,4.169426) at t=0.002913
err=
[ -29721921.521530, 654479807.108533, -1267.070651 ] 
[ 654479807.108533, -14411713023.370005, 27901.026755 ] 
[ -1267.070651, 27901.026755, 0.945981 ] 
vertexline variance is negative: -115889.738522
ref-point=(-0.656448,-17.367798,4.168770)
pos=(-0.656441,-17.364961,4.168114) at t=-0.002913
err=
[ -29721921.521530, 654479807.108533, -1267.070651 ] 
[ 654479807.108533, -14411713023.370005, 27901.026755 ] 
[ -1267.070651, 27901.026755, 0.945981 ] 
vertexline variance is negative: -11559153.706090
ref-point=(-0.656448,-17.367798,4.168770)
pos=(-0.657621,-17.396172,4.175335) at t=0.029143
err=
[ -29721921.521530, 654479807.108533, -1267.070651 ] 
[ 654479807.108533, -14411713023.370005, 27901.026755 ] 
[ -1267.070651, 27901.026755, 0.945981 ] 
vertexline variance is negative: -11546613.142320
ref-point=(-0.656448,-17.367798,4.168770)
pos=(-0.655476,-17.339448,4.162210) at t=-0.029118
err=
[ -29721921.521530, 654479807.108533, -1267.070651 ] 
[ 654479807.108533, -14411713023.370005, 27901.026755 ] 
[ -1267.070651, 27901.026755, 0.945981 ] 
vertexline variance is negative: -1165248737.829141
ref-point=(-0.656448,-17.367798,4.168770)
pos=(-0.667320,-17.652640,4.234677) at t=0.292566
err=
[ -29721921.521530, 654479807.108533, -1267.070651 ] 
[ 654479807.108533, -14411713023.370005, 27901.026755 ] 
[ -1267.070651, 27901.026755, 0.945981 ] 
vertexline variance is negative: -1145370147.982787
ref-point=(-0.656448,-17.367798,4.168770)
pos=(-0.645868,-17.085404,4.103430) at t=-0.290051
err=
[ -29721921.521530, 654479807.108533, -1267.070651 ] 
[ 654479807.108533, -14411713023.370005, 27901.026755 ] 
[ -1267.070651, 27901.026755, 0.945981 ] 
vertexline variance is negative: -125718102191.713440
ref-point=(-0.656448,-17.367798,4.168770)
pos=(-0.768437,-20.326410,4.853337) at t=3.038839
err=
[ -29721921.521530, 654479807.108533, -1267.070651 ] 
[ 654479807.108533, -14411713023.370005, 27901.026755 ] 
[ -1267.070651, 27901.026755, 0.945981 ] 
vertexline variance is negative: -105766380933.222855
ref-point=(-0.656448,-17.367798,4.168770)
pos=(-0.553921,-14.654099,3.540871) at t=-2.787283
err=
[ -29721921.521530, 654479807.108533, -1267.070651 ] 
[ 654479807.108533, -14411713023.370005, 27901.026755 ] 
[ -1267.070651, 27901.026755, 0.945981 ] 
vertexline variance is negative: -23649210346700.183594
ref-point=(-0.656448,-17.367798,4.168770)
pos=(-2.191157,-57.946382,13.557890) at t=41.678916
err=
[ -29721921.521530, 654479807.108533, -1267.070651 ] 
[ 654479807.108533, -14411713023.370005, 27901.026755 ] 
[ -1267.070651, 27901.026755, 0.945981 ] 
vertexline variance is negative: -3721629700904.145996
ref-point=(-0.656448,-17.367798,4.168770)
pos=(-0.047774,-1.270426,0.444142) at t=-16.533870
err=
[ -29721921.521530, 654479807.108533, -1267.070651 ] 
[ 654479807.108533, -14411713023.370005, 27901.026755 ] 
[ -1267.070651, 27901.026755, 0.945981 ] 
vertexline variance is negative: -0.297220
ref-point=(-0.656448,-17.367798,4.168770)
pos=(-0.656548,-17.367798,4.168770) at t=-0.000000
err=
[ -29721921.521530, 654479807.108533, -1267.070651 ] 
[ 654479807.108533, -14411713023.370005, 27901.026755 ] 
[ -1267.070651, 27901.026755, 0.945981 ] 
vertexline variance is negative: -0.297218
ref-point=(-0.656648,-17.367798,4.168770)
pos=(-0.656548,-17.367798,4.168770) at t=-0.000000
err=
[ -29721921.521530, 654479807.108533, -1267.070651 ] 
[ 654479807.108533, -14411713023.370005, 27901.026755 ] 
[ -1267.070651, 27901.026755, 0.945981 ] 
vertexline variance is negative: -115909.722228
ref-point=(-0.656648,-17.367798,4.168770)
pos=(-0.656655,-17.370634,4.169426) at t=0.002913
err=
[ -29721921.521530, 654479807.108533, -1267.070651 ] 
[ 654479807.108533, -14411713023.370005, 27901.026755 ] 
[ -1267.070651, 27901.026755, 0.945981 ] 
vertexline variance is negative: -115148.556513
ref-point=(-0.656648,-17.367798,4.168770)
pos=(-0.656441,-17.364961,4.168114) at t=-0.002913
err=
[ -29721921.521530, 654479807.108533, -1267.070651 ] 
[ 654479807.108533, -14411713023.370005, 27901.026755 ] 
[ -1267.070651, 27901.026755, 0.945981 ] 
vertexline variance is negative: -0.297218
ref-point=(-0.656648,-17.367798,4.168770)
pos=(-0.656548,-17.367798,4.168770) at t=-0.000000
err=
[ -29721921.521530, 654479807.108533, -1267.070651 ] 
[ 654479807.108533, -14411713023.370005, 27901.026755 ] 
[ -1267.070651, 27901.026755, 0.945981 ] 
vertexline variance is negative: -115909.722228
ref-point=(-0.656648,-17.367798,4.168770)
pos=(-0.656655,-17.370634,4.169426) at t=0.002913
err=
[ -29721921.521530, 654479807.108533, -1267.070651 ] 
[ 654479807.108533, -14411713023.370005, 27901.026755 ] 
[ -1267.070651, 27901.026755, 0.945981 ] 
vertexline variance is negative: -115148.556513
ref-point=(-0.656648,-17.367798,4.168770)
pos=(-0.656441,-17.364961,4.168114) at t=-0.002913
err=
[ -29721921.521530, 654479807.108533, -1267.070651 ] 
[ 654479807.108533, -14411713023.370005, 27901.026755 ] 
[ -1267.070651, 27901.026755, 0.945981 ] 
vertexline variance is negative: -11566569.046527
ref-point=(-0.656648,-17.367798,4.168770)
pos=(-0.657621,-17.396172,4.175335) at t=0.029143
err=
[ -29721921.521530, 654479807.108533, -1267.070651 ] 
[ 654479807.108533, -14411713023.370005, 27901.026755 ] 
[ -1267.070651, 27901.026755, 0.945981 ] 
vertexline variance is negative: -11539204.202548
ref-point=(-0.656648,-17.367798,4.168770)
pos=(-0.655476,-17.339448,4.162210) at t=-0.029118
err=
[ -29721921.521530, 654479807.108533, -1267.070651 ] 
[ 654479807.108533, -14411713023.370005, 27901.026755 ] 
[ -1267.070651, 27901.026755, 0.945981 ] 
vertexline variance is negative: -1165323179.257363
ref-point=(-0.656648,-17.367798,4.168770)
pos=(-0.667320,-17.652640,4.234677) at t=0.292566
err=
[ -29721921.521530, 654479807.108533, -1267.070651 ] 
[ 654479807.108533, -14411713023.370005, 27901.026755 ] 
[ -1267.070651, 27901.026755, 0.945981 ] 
vertexline variance is negative: -1145296346.621244
ref-point=(-0.656648,-17.367798,4.168770)
pos=(-0.645868,-17.085404,4.103430) at t=-0.290051
err=
[ -29721921.521530, 654479807.108533, -1267.070651 ] 
[ 654479807.108533, -14411713023.370005, 27901.026755 ] 
[ -1267.070651, 27901.026755, 0.945981 ] 
vertexline variance is negative: -125718875402.699844
ref-point=(-0.656648,-17.367798,4.168770)
pos=(-0.768437,-20.326410,4.853337) at t=3.038839
err=
[ -29721921.521530, 654479807.108533, -1267.070651 ] 
[ 654479807.108533, -14411713023.370005, 27901.026755 ] 
[ -1267.070651, 27901.026755, 0.945981 ] 
vertexline variance is negative: -105765671728.638474
ref-point=(-0.656648,-17.367798,4.168770)
pos=(-0.553921,-14.654099,3.540871) at t=-2.787283
err=
[ -29721921.521530, 654479807.108533, -1267.070651 ] 
[ 654479807.108533, -14411713023.370005, 27901.026755 ] 
[ -1267.070651, 27901.026755, 0.945981 ] 
vertexline variance is negative: -23649220951605.890625
ref-point=(-0.656648,-17.367798,4.168770)
pos=(-2.191157,-57.946382,13.557890) at t=41.678916
err=
[ -29721921.521530, 654479807.108533, -1267.070651 ] 
[ 654479807.108533, -14411713023.370005, 27901.026755 ] 
[ -1267.070651, 27901.026755, 0.945981 ] 
vertexline variance is negative: -3721625493977.910645
ref-point=(-0.656648,-17.367798,4.168770)
pos=(-0.047774,-1.270426,0.444142) at t=-16.533870
err=
[ -29721921.521530, 654479807.108533, -1267.070651 ] 
[ 654479807.108533, -14411713023.370005, 27901.026755 ] 
[ -1267.070651, 27901.026755, 0.945981 ] 
vertexline variance is negative: -0.297218
ref-point=(-0.656648,-17.367798,4.168770)
pos=(-0.656548,-17.367798,4.168770) at t=-0.000000
err=
[ -29721921.521530, 654479807.108533, -1267.070651 ] 
[ 654479807.108533, -14411713023.370005, 27901.026755 ] 
[ -1267.070651, 27901.026755, 0.945981 ] 
vertexline variance is negative: -144.117113
ref-point=(-0.656548,-17.367698,4.168770)
pos=(-0.656548,-17.367798,4.168770) at t=-0.000000
err=
[ -29721921.521530, 654479807.108533, -1267.070651 ] 
[ 654479807.108533, -14411713023.370005, 27901.026755 ] 
[ -1267.070651, 27901.026755, 0.945981 ] 
vertexline variance is negative: -123844.076054
ref-point=(-0.656548,-17.367698,4.168770)
pos=(-0.656655,-17.370634,4.169426) at t=0.002913
err=
[ -29721921.521530, 654479807.108533, -1267.070651 ] 
[ 654479807.108533, -14411713023.370005, 27901.026755 ] 
[ -1267.070651, 27901.026755, 0.945981 ] 
vertexline variance is negative: -107502.515188
ref-point=(-0.656548,-17.367698,4.168770)
pos=(-0.656441,-17.364961,4.168114) at t=-0.002913
err=
[ -29721921.521530, 654479807.108533, -1267.070651 ] 
[ 654479807.108533, -14411713023.370005, 27901.026755 ] 
[ -1267.070651, 27901.026755, 0.945981 ] 
vertexline variance is negative: -144.117113
ref-point=(-0.656548,-17.367698,4.168770)
pos=(-0.656548,-17.367798,4.168770) at t=-0.000000
err=
[ -29721921.521530, 654479807.108533, -1267.070651 ] 
[ 654479807.108533, -14411713023.370005, 27901.026755 ] 
[ -1267.070651, 27901.026755, 0.945981 ] 
vertexline variance is negative: -123844.076054
ref-point=(-0.656548,-17.367698,4.168770)
pos=(-0.656655,-17.370634,4.169426) at t=0.002913
err=
[ -29721921.521530, 654479807.108533, -1267.070651 ] 
[ 654479807.108533, -14411713023.370005, 27901.026755 ] 
[ -1267.070651, 27901.026755, 0.945981 ] 
vertexline variance is negative: -107502.515188
ref-point=(-0.656548,-17.367698,4.168770)
pos=(-0.656441,-17.364961,4.168114) at t=-0.002913
err=
[ -29721921.521530, 654479807.108533, -1267.070651 ] 
[ 654479807.108533, -14411713023.370005, 27901.026755 ] 
[ -1267.070651, 27901.026755, 0.945981 ] 
vertexline variance is negative: -11644648.477780
ref-point=(-0.656548,-17.367698,4.168770)
pos=(-0.657621,-17.396172,4.175335) at t=0.029143
err=
[ -29721921.521530, 654479807.108533, -1267.070651 ] 
[ 654479807.108533, -14411713023.370005, 27901.026755 ] 
[ -1267.070651, 27901.026755, 0.945981 ] 
vertexline variance is negative: -11461479.682424
ref-point=(-0.656548,-17.367698,4.168770)
pos=(-0.655476,-17.339448,4.162210) at t=-0.029118
err=
[ -29721921.521530, 654479807.108533, -1267.070651 ] 
[ 654479807.108533, -14411713023.370005, 27901.026755 ] 
[ -1267.070651, 27901.026755, 0.945981 ] 
vertexline variance is negative: -1166105706.336320
ref-point=(-0.656548,-17.367698,4.168770)
pos=(-0.667320,-17.652640,4.234677) at t=0.292566
err=
[ -29721921.521530, 654479807.108533, -1267.070651 ] 
[ 654479807.108533, -14411713023.370005, 27901.026755 ] 
[ -1267.070651, 27901.026755, 0.945981 ] 
vertexline variance is negative: -1144520834.315988
ref-point=(-0.656548,-17.367698,4.168770)
pos=(-0.645868,-17.085404,4.103430) at t=-0.290051
err=
[ -29721921.521530, 654479807.108533, -1267.070651 ] 
[ 654479807.108533, -14411713023.370005, 27901.026755 ] 
[ -1267.070651, 27901.026755, 0.945981 ] 
vertexline variance is negative: -125727002033.959869
ref-point=(-0.656548,-17.367698,4.168770)
pos=(-0.768437,-20.326410,4.853337) at t=3.038839
err=
[ -29721921.521530, 654479807.108533, -1267.070651 ] 
[ 654479807.108533, -14411713023.370005, 27901.026755 ] 
[ -1267.070651, 27901.026755, 0.945981 ] 
vertexline variance is negative: -105758218095.612518
ref-point=(-0.656548,-17.367698,4.168770)
pos=(-0.553921,-14.654099,3.540871) at t=-2.787283
err=
[ -29721921.521530, 654479807.108533, -1267.070651 ] 
[ 654479807.108533, -14411713023.370005, 27901.026755 ] 
[ -1267.070651, 27901.026755, 0.945981 ] 
vertexline variance is negative: -23649332409856.832031
ref-point=(-0.656548,-17.367698,4.168770)
pos=(-2.191157,-57.946382,13.557890) at t=41.678916
err=
[ -29721921.521530, 654479807.108533, -1267.070651 ] 
[ 654479807.108533, -14411713023.370005, 27901.026755 ] 
[ -1267.070651, 27901.026755, 0.945981 ] 
vertexline variance is negative: -3721581279109.522461
ref-point=(-0.656548,-17.367698,4.168770)
pos=(-0.047774,-1.270426,0.444142) at t=-16.533870
err=
[ -29721921.521530, 654479807.108533, -1267.070651 ] 
[ 654479807.108533, -14411713023.370005, 27901.026755 ] 
[ -1267.070651, 27901.026755, 0.945981 ] 
vertexline variance is negative: -144.117113
ref-point=(-0.656548,-17.367698,4.168770)
pos=(-0.656548,-17.367798,4.168770) at t=-0.000000
err=
[ -29721921.521530, 654479807.108533, -1267.070651 ] 
[ 654479807.108533, -14411713023.370005, 27901.026755 ] 
[ -1267.070651, 27901.026755, 0.945981 ] 
vertexline variance is negative: -144.117148
ref-point=(-0.656548,-17.367898,4.168770)
pos=(-0.656548,-17.367798,4.168770) at t=-0.000000
err=
[ -29721921.521530, 654479807.108533, -1267.070651 ] 
[ 654479807.108533, -14411713023.370005, 27901.026755 ] 
[ -1267.070651, 27901.026755, 0.945981 ] 
vertexline variance is negative: -107521.762211
ref-point=(-0.656548,-17.367898,4.168770)
pos=(-0.656655,-17.370634,4.169426) at t=0.002913
err=
[ -29721921.521530, 654479807.108533, -1267.070651 ] 
[ 654479807.108533, -14411713023.370005, 27901.026755 ] 
[ -1267.070651, 27901.026755, 0.945981 ] 
vertexline variance is negative: -123823.419669
ref-point=(-0.656548,-17.367898,4.168770)
pos=(-0.656441,-17.364961,4.168114) at t=-0.002913
err=
[ -29721921.521530, 654479807.108533, -1267.070651 ] 
[ 654479807.108533, -14411713023.370005, 27901.026755 ] 
[ -1267.070651, 27901.026755, 0.945981 ] 
vertexline variance is negative: -144.117148
ref-point=(-0.656548,-17.367898,4.168770)
pos=(-0.656548,-17.367798,4.168770) at t=-0.000000
err=
[ -29721921.521530, 654479807.108533, -1267.070651 ] 
[ 654479807.108533, -14411713023.370005, 27901.026755 ] 
[ -1267.070651, 27901.026755, 0.945981 ] 
vertexline variance is negative: -107521.762211
ref-point=(-0.656548,-17.367898,4.168770)
pos=(-0.656655,-17.370634,4.169426) at t=0.002913
err=
[ -29721921.521530, 654479807.108533, -1267.070651 ] 
[ 654479807.108533, -14411713023.370005, 27901.026755 ] 
[ -1267.070651, 27901.026755, 0.945981 ] 
vertexline variance is negative: -123823.419669
ref-point=(-0.656548,-17.367898,4.168770)
pos=(-0.656441,-17.364961,4.168114) at t=-0.002913
err=
[ -29721921.521530, 654479807.108533, -1267.070651 ] 
[ 654479807.108533, -14411713023.370005, 27901.026755 ] 
[ -1267.070651, 27901.026755, 0.945981 ] 
vertexline variance is negative: -11481361.914658
ref-point=(-0.656548,-17.367898,4.168770)
pos=(-0.657621,-17.396172,4.175335) at t=0.029143
err=
[ -29721921.521530, 654479807.108533, -1267.070651 ] 
[ 654479807.108533, -14411713023.370005, 27901.026755 ] 
[ -1267.070651, 27901.026755, 0.945981 ] 
vertexline variance is negative: -11624625.302266
ref-point=(-0.656548,-17.367898,4.168770)
pos=(-0.655476,-17.339448,4.162210) at t=-0.029118
err=
[ -29721921.521530, 654479807.108533, -1267.070651 ] 
[ 654479807.108533, -14411713023.370005, 27901.026755 ] 
[ -1267.070651, 27901.026755, 0.945981 ] 
vertexline variance is negative: -1164466498.390005
ref-point=(-0.656548,-17.367898,4.168770)
pos=(-0.667320,-17.652640,4.234677) at t=0.292566
err=
[ -29721921.521530, 654479807.108533, -1267.070651 ] 
[ 654479807.108533, -14411713023.370005, 27901.026755 ] 
[ -1267.070651, 27901.026755, 0.945981 ] 
vertexline variance is negative: -1146145947.927866
ref-point=(-0.656548,-17.367898,4.168770)
pos=(-0.645868,-17.085404,4.103430) at t=-0.290051
err=
[ -29721921.521530, 654479807.108533, -1267.070651 ] 
[ 654479807.108533, -14411713023.370005, 27901.026755 ] 
[ -1267.070651, 27901.026755, 0.945981 ] 
vertexline variance is negative: -125709975848.093277
ref-point=(-0.656548,-17.367898,4.168770)
pos=(-0.768437,-20.326410,4.853337) at t=3.038839
err=
[ -29721921.521530, 654479807.108533, -1267.070651 ] 
[ 654479807.108533, -14411713023.370005, 27901.026755 ] 
[ -1267.070651, 27901.026755, 0.945981 ] 
vertexline variance is negative: -105773834853.888657
ref-point=(-0.656548,-17.367898,4.168770)
pos=(-0.553921,-14.654099,3.540871) at t=-2.787283
err=
[ -29721921.521530, 654479807.108533, -1267.070651 ] 
[ 654479807.108533, -14411713023.370005, 27901.026755 ] 
[ -1267.070651, 27901.026755, 0.945981 ] 
vertexline variance is negative: -23649098888736.886719
ref-point=(-0.656548,-17.367898,4.168770)
pos=(-2.191157,-57.946382,13.557890) at t=41.678916
err=
[ -29721921.521530, 654479807.108533, -1267.070651 ] 
[ 654479807.108533, -14411713023.370005, 27901.026755 ] 
[ -1267.070651, 27901.026755, 0.945981 ] 
vertexline variance is negative: -3721673916060.174805
ref-point=(-0.656548,-17.367898,4.168770)
pos=(-0.047774,-1.270426,0.444142) at t=-16.533870
err=
[ -29721921.521530, 654479807.108533, -1267.070651 ] 
[ 654479807.108533, -14411713023.370005, 27901.026755 ] 
[ -1267.070651, 27901.026755, 0.945981 ] 
vertexline variance is negative: -144.117148
ref-point=(-0.656548,-17.367898,4.168770)
pos=(-0.656548,-17.367798,4.168770) at t=-0.000000
err=
[ -29721921.521530, 654479807.108533, -1267.070651 ] 
[ 654479807.108533, -14411713023.370005, 27901.026755 ] 
[ -1267.070651, 27901.026755, 0.945981 ] 
vertexline variance is negative: -1155.296515
ref-point=(-0.656548,-17.367798,4.168870)
pos=(-0.656559,-17.368081,4.168836) at t=0.000291
err=
[ -29721921.521530, 654479807.108533, -1267.070651 ] 
[ 654479807.108533, -14411713023.370005, 27901.026755 ] 
[ -1267.070651, 27901.026755, 0.945981 ] 
vertexline variance is negative: -1155.279821
ref-point=(-0.656548,-17.367798,4.168870)
pos=(-0.656537,-17.367514,4.168704) at t=-0.000291
err=
[ -29721921.521530, 654479807.108533, -1267.070651 ] 
[ 654479807.108533, -14411713023.370005, 27901.026755 ] 
[ -1267.070651, 27901.026755, 0.945981 ] 
vertexline variance is negative: -1155.296607
ref-point=(-0.656548,-17.367798,4.168870)
pos=(-0.656559,-17.368081,4.168836) at t=0.000291
err=
[ -29721921.521530, 654479807.108533, -1267.070651 ] 
[ 654479807.108533, -14411713023.370005, 27901.026755 ] 
[ -1267.070651, 27901.026755, 0.945981 ] 
vertexline variance is negative: -1155.279914
ref-point=(-0.656548,-17.367798,4.168870)
pos=(-0.656537,-17.367514,4.168704) at t=-0.000291
err=
[ -29721921.521530, 654479807.108533, -1267.070651 ] 
[ 654479807.108533, -14411713023.370005, 27901.026755 ] 
[ -1267.070651, 27901.026755, 0.945981 ] 
vertexline variance is negative: -1155.299674
ref-point=(-0.656548,-17.367798,4.168670)
pos=(-0.656559,-17.368081,4.168836) at t=0.000291
err=
[ -29721921.521530, 654479807.108533, -1267.070651 ] 
[ 654479807.108533, -14411713023.370005, 27901.026755 ] 
[ -1267.070651, 27901.026755, 0.945981 ] 
vertexline variance is negative: -1155.276661
ref-point=(-0.656548,-17.367798,4.168670)
pos=(-0.656537,-17.367514,4.168704) at t=-0.000291
err=
[ -29721921.521530, 654479807.108533, -1267.070651 ] 
[ 654479807.108533, -14411713023.370005, 27901.026755 ] 
[ -1267.070651, 27901.026755, 0.945981 ] 
vertexline variance is negative: -1155.299767
ref-point=(-0.656548,-17.367798,4.168670)
pos=(-0.656559,-17.368081,4.168836) at t=0.000291
err=
[ -29721921.521530, 654479807.108533, -1267.070651 ] 
[ 654479807.108533, -14411713023.370005, 27901.026755 ] 
[ -1267.070651, 27901.026755, 0.945981 ] 
vertexline variance is negative: -1155.276754
ref-point=(-0.656548,-17.367798,4.168670)
pos=(-0.656537,-17.367514,4.168704) at t=-0.000291
err=
[ -29721921.521530, 654479807.108533, -1267.070651 ] 
[ 654479807.108533, -14411713023.370005, 27901.026755 ] 
[ -1267.070651, 27901.026755, 0.945981 ] 
vertexline variance is negative: -1155.296515
ref-point=(-0.656548,-17.367798,4.168870)
pos=(-0.656559,-17.368081,4.168836) at t=0.000291
err=
[ -29721921.521530, 654479807.108533, -1267.070651 ] 
[ 654479807.108533, -14411713023.370005, 27901.026755 ] 
[ -1267.070651, 27901.026755, 0.945981 ] 
vertexline variance is negative: -1155.279821
ref-point=(-0.656548,-17.367798,4.168870)
pos=(-0.656537,-17.367514,4.168704) at t=-0.000291
err=
[ -29721921.521530, 654479807.108533, -1267.070651 ] 
[ 654479807.108533, -14411713023.370005, 27901.026755 ] 
[ -1267.070651, 27901.026755, 0.945981 ] 
vertexline variance is negative: -1155.296607
ref-point=(-0.656548,-17.367798,4.168870)
pos=(-0.656559,-17.368081,4.168836) at t=0.000291
err=
[ -29721921.521530, 654479807.108533, -1267.070651 ] 
[ 654479807.108533, -14411713023.370005, 27901.026755 ] 
[ -1267.070651, 27901.026755, 0.945981 ] 
vertexline variance is negative: -1155.279914
ref-point=(-0.656548,-17.367798,4.168870)
pos=(-0.656537,-17.367514,4.168704) at t=-0.000291
err=
[ -29721921.521530, 654479807.108533, -1267.070651 ] 
[ 654479807.108533, -14411713023.370005, 27901.026755 ] 
[ -1267.070651, 27901.026755, 0.945981 ] 
vertexline variance is negative: -1155.290195
ref-point=(-0.656548,-17.367798,4.169270)
pos=(-0.656559,-17.368081,4.168836) at t=0.000291
err=
[ -29721921.521530, 654479807.108533, -1267.070651 ] 
[ 654479807.108533, -14411713023.370005, 27901.026755 ] 
[ -1267.070651, 27901.026755, 0.945981 ] 
vertexline variance is negative: -1155.286140
ref-point=(-0.656548,-17.367798,4.169270)
pos=(-0.656537,-17.367514,4.168704) at t=-0.000291
err=
[ -29721921.521530, 654479807.108533, -1267.070651 ] 
[ 654479807.108533, -14411713023.370005, 27901.026755 ] 
[ -1267.070651, 27901.026755, 0.945981 ] 
vertexline variance is negative: -1155.290287
ref-point=(-0.656548,-17.367798,4.169270)
pos=(-0.656559,-17.368081,4.168836) at t=0.000291
err=
[ -29721921.521530, 654479807.108533, -1267.070651 ] 
[ 654479807.108533, -14411713023.370005, 27901.026755 ] 
[ -1267.070651, 27901.026755, 0.945981 ] 
vertexline variance is negative: -1155.286233
ref-point=(-0.656548,-17.367798,4.169270)
pos=(-0.656537,-17.367514,4.168704) at t=-0.000291
err=
[ -29721921.521530, 654479807.108533, -1267.070651 ] 
[ 654479807.108533, -14411713023.370005, 27901.026755 ] 
[ -1267.070651, 27901.026755, 0.945981 ] 
vertexline variance is negative: -1155.293355
ref-point=(-0.656548,-17.367798,4.169070)
pos=(-0.656559,-17.368081,4.168836) at t=0.000291
err=
[ -29721921.521530, 654479807.108533, -1267.070651 ] 
[ 654479807.108533, -14411713023.370005, 27901.026755 ] 
[ -1267.070651, 27901.026755, 0.945981 ] 
vertexline variance is negative: -1155.282981
ref-point=(-0.656548,-17.367798,4.169070)
pos=(-0.656537,-17.367514,4.168704) at t=-0.000291
err=
[ -29721921.521530, 654479807.108533, -1267.070651 ] 
[ 654479807.108533, -14411713023.370005, 27901.026755 ] 
[ -1267.070651, 27901.026755, 0.945981 ] 
vertexline variance is negative: -1155.293447
ref-point=(-0.656548,-17.367798,4.169070)
pos=(-0.656559,-17.368081,4.168836) at t=0.000291
err=
[ -29721921.521530, 654479807.108533, -1267.070651 ] 
[ 654479807.108533, -14411713023.370005, 27901.026755 ] 
[ -1267.070651, 27901.026755, 0.945981 ] 
vertexline variance is negative: -1155.283073
ref-point=(-0.656548,-17.367798,4.169070)
pos=(-0.656537,-17.367514,4.168704) at t=-0.000291
err=
[ -29721921.521530, 654479807.108533, -1267.070651 ] 
[ 654479807.108533, -14411713023.370005, 27901.026755 ] 
[ -1267.070651, 27901.026755, 0.945981 ] 
vertexline variance is negative: -0.000000
ref-point=(-0.656548,-17.367798,4.168770)
pos=(-0.656548,-17.367798,4.168770) at t=-0.000000
err=
[ -29721921.521530, 654479807.108533, -1267.070651 ] 
[ 654479807.108533, -14411713023.370005, 27901.026755 ] 
[ -1267.070651, 27901.026755, 0.945981 ] 
vertexline variance is negative: -115538.802002
ref-point=(-0.656548,-17.367798,4.168770)
pos=(-0.656655,-17.370634,4.169426) at t=0.002913
err=
[ -29721921.521530, 654479807.108533, -1267.070651 ] 
[ 654479807.108533, -14411713023.370005, 27901.026755 ] 
[ -1267.070651, 27901.026755, 0.945981 ] 
vertexline variance is negative: -115518.850298
ref-point=(-0.656548,-17.367798,4.168770)
pos=(-0.656441,-17.364961,4.168114) at t=-0.002913
err=
[ -29721921.521530, 654479807.108533, -1267.070651 ] 
[ 654479807.108533, -14411713023.370005, 27901.026755 ] 
[ -1267.070651, 27901.026755, 0.945981 ] 
vertexline variance is negative: -0.000000
ref-point=(-0.656548,-17.367798,4.168770)
pos=(-0.656548,-17.367798,4.168770) at t=-0.000000
err=
[ -29721921.521530, 654479807.108533, -1267.070651 ] 
[ 654479807.108533, -14411713023.370005, 27901.026755 ] 
[ -1267.070651, 27901.026755, 0.945981 ] 
vertexline variance is negative: -115538.802002
ref-point=(-0.656548,-17.367798,4.168770)
pos=(-0.656655,-17.370634,4.169426) at t=0.002913
err=
[ -29721921.521530, 654479807.108533, -1267.070651 ] 
[ 654479807.108533, -14411713023.370005, 27901.026755 ] 
[ -1267.070651, 27901.026755, 0.945981 ] 
vertexline variance is negative: -115518.850298
ref-point=(-0.656548,-17.367798,4.168770)
pos=(-0.656441,-17.364961,4.168114) at t=-0.002913
err=
[ -29721921.521530, 654479807.108533, -1267.070651 ] 
[ 654479807.108533, -14411713023.370005, 27901.026755 ] 
[ -1267.070651, 27901.026755, 0.945981 ] 
vertexline variance is negative: -11562861.079089
ref-point=(-0.656548,-17.367798,4.168770)
pos=(-0.657621,-17.396172,4.175335) at t=0.029143
err=
[ -29721921.521530, 654479807.108533, -1267.070651 ] 
[ 654479807.108533, -14411713023.370005, 27901.026755 ] 
[ -1267.070651, 27901.026755, 0.945981 ] 
vertexline variance is negative: -11542908.375215
ref-point=(-0.656548,-17.367798,4.168770)
pos=(-0.655476,-17.339448,4.162210) at t=-0.029118
err=
[ -29721921.521530, 654479807.108533, -1267.070651 ] 
[ 654479807.108533, -14411713023.370005, 27901.026755 ] 
[ -1267.070651, 27901.026755, 0.945981 ] 
vertexline variance is negative: -1165285958.246033
ref-point=(-0.656548,-17.367798,4.168770)
pos=(-0.667320,-17.652640,4.234677) at t=0.292566
err=
[ -29721921.521530, 654479807.108533, -1267.070651 ] 
[ 654479807.108533, -14411713023.370005, 27901.026755 ] 
[ -1267.070651, 27901.026755, 0.945981 ] 
vertexline variance is negative: -1145333247.004796
ref-point=(-0.656548,-17.367798,4.168770)
pos=(-0.645868,-17.085404,4.103430) at t=-0.290051
err=
[ -29721921.521530, 654479807.108533, -1267.070651 ] 
[ 654479807.108533, -14411713023.370005, 27901.026755 ] 
[ -1267.070651, 27901.026755, 0.945981 ] 
vertexline variance is negative: -125718488796.909454
ref-point=(-0.656548,-17.367798,4.168770)
pos=(-0.768437,-20.326410,4.853337) at t=3.038839
err=
[ -29721921.521530, 654479807.108533, -1267.070651 ] 
[ 654479807.108533, -14411713023.370005, 27901.026755 ] 
[ -1267.070651, 27901.026755, 0.945981 ] 
vertexline variance is negative: -105766026330.633438
ref-point=(-0.656548,-17.367798,4.168770)
pos=(-0.553921,-14.654099,3.540871) at t=-2.787283
err=
[ -29721921.521530, 654479807.108533, -1267.070651 ] 
[ 654479807.108533, -14411713023.370005, 27901.026755 ] 
[ -1267.070651, 27901.026755, 0.945981 ] 
vertexline variance is negative: -23649215649152.742188
ref-point=(-0.656548,-17.367798,4.168770)
pos=(-2.191157,-57.946382,13.557890) at t=41.678916
err=
[ -29721921.521530, 654479807.108533, -1267.070651 ] 
[ 654479807.108533, -14411713023.370005, 27901.026755 ] 
[ -1267.070651, 27901.026755, 0.945981 ] 
vertexline variance is negative: -3721627597440.730957
ref-point=(-0.656548,-17.367798,4.168770)
pos=(-0.047774,-1.270426,0.444142) at t=-16.533870
err=
[ -29721921.521530, 654479807.108533, -1267.070651 ] 
[ 654479807.108533, -14411713023.370005, 27901.026755 ] 
[ -1267.070651, 27901.026755, 0.945981 ] 
vertexline variance is negative: -0.000000
ref-point=(-0.656548,-17.367798,4.168770)
pos=(-0.656548,-17.367798,4.168770) at t=-0.000000
err=
[ -29721921.521530, 654479807.108533, -1267.070651 ] 
[ 654479807.108533, -14411713023.370005, 27901.026755 ] 
[ -1267.070651, 27901.026755, 0.945981 ] 
vertexline variance is negative: -1155.297305
ref-point=(-0.656548,-17.367798,4.168820)
pos=(-0.656559,-17.368081,4.168836) at t=0.000291
err=
[ -29721921.521530, 654479807.108533, -1267.070651 ] 
[ 654479807.108533, -14411713023.370005, 27901.026755 ] 
[ -1267.070651, 27901.026755, 0.945981 ] 
vertexline variance is negative: -1155.279031
ref-point=(-0.656548,-17.367798,4.168820)
pos=(-0.656537,-17.367514,4.168704) at t=-0.000291
err=
[ -29721921.521530, 654479807.108533, -1267.070651 ] 
[ 654479807.108533, -14411713023.370005, 27901.026755 ] 
[ -1267.070651, 27901.026755, 0.945981 ] 
vertexline variance is negative: -1155.297397
ref-point=(-0.656548,-17.367798,4.168820)
pos=(-0.656559,-17.368081,4.168836) at t=0.000291
err=
[ -29721921.521530, 654479807.108533, -1267.070651 ] 
[ 654479807.108533, -14411713023.370005, 27901.026755 ] 
[ -1267.070651, 27901.026755, 0.945981 ] 
vertexline variance is negative: -1155.279124
ref-point=(-0.656548,-17.367798,4.168820)
pos=(-0.656537,-17.367514,4.168704) at t=-0.000291
err=
[ -29721921.521530, 654479807.108533, -1267.070651 ] 
[ 654479807.108533, -14411713023.370005, 27901.026755 ] 
[ -1267.070651, 27901.026755, 0.945981 ] 
vertexline variance is negative: -1155.298016
ref-point=(-0.656548,-17.367798,4.168775)
pos=(-0.656559,-17.368081,4.168836) at t=0.000291
err=
[ -29721921.521530, 654479807.108533, -1267.070651 ] 
[ 654479807.108533, -14411713023.370005, 27901.026755 ] 
[ -1267.070651, 27901.026755, 0.945981 ] 
vertexline variance is negative: -1155.278320
ref-point=(-0.656548,-17.367798,4.168775)
pos=(-0.656537,-17.367514,4.168704) at t=-0.000291
err=
[ -29721921.521530, 654479807.108533, -1267.070651 ] 
[ 654479807.108533, -14411713023.370005, 27901.026755 ] 
[ -1267.070651, 27901.026755, 0.945981 ] 
vertexline variance is negative: -1155.298108
ref-point=(-0.656548,-17.367798,4.168775)
pos=(-0.656559,-17.368081,4.168836) at t=0.000291
err=
[ -29721921.521530, 654479807.108533, -1267.070651 ] 
[ 654479807.108533, -14411713023.370005, 27901.026755 ] 
[ -1267.070651, 27901.026755, 0.945981 ] 
vertexline variance is negative: -1155.278413
ref-point=(-0.656548,-17.367798,4.168775)
pos=(-0.656537,-17.367514,4.168704) at t=-0.000291
err=
[ -29721921.521530, 654479807.108533, -1267.070651 ] 
[ 654479807.108533, -14411713023.370005, 27901.026755 ] 
[ -1267.070651, 27901.026755, 0.945981 ] 
vertexline variance is negative: -0.002972
ref-point=(-0.656538,-17.367798,4.168775)
pos=(-0.656548,-17.367798,4.168770) at t=-0.000000
err=
[ -29721921.521530, 654479807.108533, -1267.070651 ] 
[ 654479807.108533, -14411713023.370005, 27901.026755 ] 
[ -1267.070651, 27901.026755, 0.945981 ] 
vertexline variance is negative: -115501.741884
ref-point=(-0.656538,-17.367798,4.168775)
pos=(-0.656655,-17.370634,4.169426) at t=0.002913
err=
[ -29721921.521530, 654479807.108533, -1267.070651 ] 
[ 654479807.108533, -14411713023.370005, 27901.026755 ] 
[ -1267.070651, 27901.026755, 0.945981 ] 
vertexline variance is negative: -115555.913161
ref-point=(-0.656538,-17.367798,4.168775)
pos=(-0.656441,-17.364961,4.168114) at t=-0.002913
err=
[ -29721921.521530, 654479807.108533, -1267.070651 ] 
[ 654479807.108533, -14411713023.370005, 27901.026755 ] 
[ -1267.070651, 27901.026755, 0.945981 ] 
vertexline variance is negative: -0.002972
ref-point=(-0.656538,-17.367798,4.168775)
pos=(-0.656548,-17.367798,4.168770) at t=-0.000000
err=
[ -29721921.521530, 654479807.108533, -1267.070651 ] 
[ 654479807.108533, -14411713023.370005, 27901.026755 ] 
[ -1267.070651, 27901.026755, 0.945981 ] 
vertexline variance is negative: -115501.741884
ref-point=(-0.656538,-17.367798,4.168775)
pos=(-0.656655,-17.370634,4.169426) at t=0.002913
err=
[ -29721921.521530, 654479807.108533, -1267.070651 ] 
[ 654479807.108533, -14411713023.370005, 27901.026755 ] 
[ -1267.070651, 27901.026755, 0.945981 ] 
vertexline variance is negative: -115555.913161
ref-point=(-0.656538,-17.367798,4.168775)
pos=(-0.656441,-17.364961,4.168114) at t=-0.002913
err=
[ -29721921.521530, 654479807.108533, -1267.070651 ] 
[ 654479807.108533, -14411713023.370005, 27901.026755 ] 
[ -1267.070651, 27901.026755, 0.945981 ] 
vertexline variance is negative: -11562490.307137
ref-point=(-0.656538,-17.367798,4.168775)
pos=(-0.657621,-17.396172,4.175335) at t=0.029143
err=
[ -29721921.521530, 654479807.108533, -1267.070651 ] 
[ 654479807.108533, -14411713023.370005, 27901.026755 ] 
[ -1267.070651, 27901.026755, 0.945981 ] 
vertexline variance is negative: -11543278.833072
ref-point=(-0.656538,-17.367798,4.168775)
pos=(-0.655476,-17.339448,4.162210) at t=-0.029118
err=
[ -29721921.521530, 654479807.108533, -1267.070651 ] 
[ 654479807.108533, -14411713023.370005, 27901.026755 ] 
[ -1267.070651, 27901.026755, 0.945981 ] 
vertexline variance is negative: -1165282236.098257
ref-point=(-0.656538,-17.367798,4.168775)
pos=(-0.667320,-17.652640,4.234677) at t=0.292566
err=
[ -29721921.521530, 654479807.108533, -1267.070651 ] 
[ 654479807.108533, -14411713023.370005, 27901.026755 ] 
[ -1267.070651, 27901.026755, 0.945981 ] 
vertexline variance is negative: -1145336937.154500
ref-point=(-0.656538,-17.367798,4.168775)
pos=(-0.645868,-17.085404,4.103430) at t=-0.290051
err=
[ -29721921.521530, 654479807.108533, -1267.070651 ] 
[ 654479807.108533, -14411713023.370005, 27901.026755 ] 
[ -1267.070651, 27901.026755, 0.945981 ] 
vertexline variance is negative: -125718450135.539032
ref-point=(-0.656538,-17.367798,4.168775)
pos=(-0.768437,-20.326410,4.853337) at t=3.038839
err=
[ -29721921.521530, 654479807.108533, -1267.070651 ] 
[ 654479807.108533, -14411713023.370005, 27901.026755 ] 
