Error in <TSystem::ExpandFileName>: input: $HOME/.root.mimes, output: $HOME/.root.mimes
Info in <TGeoManager::TGeoManager>: Geometry default, Detector Geometry created
Info in <TGeoManager::SetTopVolume>: Top volume is world_volume. Master volume is world_volume
Info in <TGeoNavigator::BuildCache>: --- Maximum geometry depth set to 100
++++++++++++++++++++++++++++++++++++++++++++++++++++++++++++++++++++++++++++++++++++++++++++++++++++++++++++++++++++++++++++++
++  The usage of the factory: "Beampipe_o1_v01" is DEPRECATED due to naming conventions.                                    ++
++  Please use "DD4hep_Beampipe_o1_v01" instead.                                                                            ++
++++++++++++++++++++++++++++++++++++++++++++++++++++++++++++++++++++++++++++++++++++++++++++++++++++++++++++++++++++++++++++++
Info in <TGeoManager::CheckGeometry>: Fixing runtime shapes...
Info in <TGeoManager::CheckGeometry>: ...Nothing to fix
Info in <TGeoManager::CloseGeometry>: Counting nodes...
Info in <TGeoManager::Voxelize>: Voxelizing...
Info in <TGeoManager::CloseGeometry>: Building cache...
Info in <TGeoManager::CountLevels>: max level = 5, max placements = 1044
Info in <TGeoManager::CloseGeometry>: 411734 nodes/ 5904 volume UID's in Detector Geometry
Info in <TGeoManager::CloseGeometry>: ----------------modeler ready----------------
vertexline variance is negative: -0.005977
ref-point=(-1.922668,1.931563,2.206251)
pos=(-1.922668,1.931563,2.206251) at t=0.000000
err=
[ -1812078903847365.500000, -20730293055007384.000000, -3442659385.447241 ] 
[ -20730293055007384.000000, -220322747641571968.000000, -41477309189.095901 ] 
[ -3442659385.447241, -41477309189.095901, 842257.803936 ] 
vertexline variance is negative: -72920882377.942459
ref-point=(-1.922668,1.931563,2.206251)
pos=(-1.923300,1.932198,2.207022) at t=0.001182
err=
[ -1812078903847365.500000, -20730293055007384.000000, -3442659385.447241 ] 
[ -20730293055007384.000000, -220322747641571968.000000, -41477309189.095901 ] 
[ -3442659385.447241, -41477309189.095901, 842257.803936 ] 
vertexline variance is negative: -72887780013.471146
ref-point=(-1.922668,1.931563,2.206251)
pos=(-1.922036,1.930928,2.205480) at t=-0.001182
err=
[ -1812078903847365.500000, -20730293055007384.000000, -3442659385.447241 ] 
[ -20730293055007384.000000, -220322747641571968.000000, -41477309189.095901 ] 
[ -3442659385.447241, -41477309189.095901, 842257.803936 ] 
vertexline variance is negative: -0.005977
ref-point=(-1.922668,1.931563,2.206251)
pos=(-1.922668,1.931563,2.206251) at t=0.000000
err=
[ -1812078903847365.500000, -20730293055007384.000000, -3442659385.447241 ] 
[ -20730293055007384.000000, -220322747641571968.000000, -41477309189.095901 ] 
[ -3442659385.447241, -41477309189.095901, 842257.803936 ] 
vertexline variance is negative: -72920882377.942459
ref-point=(-1.922668,1.931563,2.206251)
pos=(-1.923300,1.932198,2.207022) at t=0.001182
err=
[ -1812078903847365.500000, -20730293055007384.000000, -3442659385.447241 ] 
[ -20730293055007384.000000, -220322747641571968.000000, -41477309189.095901 ] 
[ -3442659385.447241, -41477309189.095901, 842257.803936 ] 
vertexline variance is negative: -72887780013.471146
ref-point=(-1.922668,1.931563,2.206251)
pos=(-1.922036,1.930928,2.205480) at t=-0.001182
err=
[ -1812078903847365.500000, -20730293055007384.000000, -3442659385.447241 ] 
[ -20730293055007384.000000, -220322747641571968.000000, -41477309189.095901 ] 
[ -3442659385.447241, -41477309189.095901, 842257.803936 ] 
vertexline variance is negative: -7307034947731.733398
ref-point=(-1.922668,1.931563,2.206251)
pos=(-1.928995,1.937919,2.213973) at t=0.011835
err=
[ -1812078903847365.500000, -20730293055007384.000000, -3442659385.447241 ] 
[ -20730293055007384.000000, -220322747641571968.000000, -41477309189.095901 ] 
[ -3442659385.447241, -41477309189.095901, 842257.803936 ] 
vertexline variance is negative: -7273849957795.803711
ref-point=(-1.922668,1.931563,2.206251)
pos=(-1.916355,1.925221,2.198547) at t=-0.011808
err=
[ -1812078903847365.500000, -20730293055007384.000000, -3442659385.447241 ] 
[ -20730293055007384.000000, -220322747641571968.000000, -41477309189.095901 ] 
[ -3442659385.447241, -41477309189.095901, 842257.803936 ] 
vertexline variance is negative: -745730490598391.375000
ref-point=(-1.922668,1.931563,2.206251)
pos=(-1.986587,1.995777,2.284257) at t=0.119558
err=
[ -1812078903847365.500000, -20730293055007384.000000, -3442659385.447241 ] 
[ -20730293055007384.000000, -220322747641571968.000000, -41477309189.095901 ] 
[ -3442659385.447241, -41477309189.095901, 842257.803936 ] 
vertexline variance is negative: -712544678724550.500000
ref-point=(-1.922668,1.931563,2.206251)
pos=(-1.860188,1.868793,2.130000) at t=-0.116868
err=
[ -1812078903847365.500000, -20730293055007384.000000, -3442659385.447241 ] 
[ -20730293055007384.000000, -220322747641571968.000000, -41477309189.095901 ] 
[ -3442659385.447241, -41477309189.095901, 842257.803936 ] 
vertexline variance is negative: -90439833082694432.000000
ref-point=(-1.922668,1.931563,2.206251)
pos=(-2.626580,2.638730,3.065302) at t=1.316642
err=
[ -1812078903847365.500000, -20730293055007384.000000, -3442659385.447241 ] 
[ -20730293055007384.000000, -220322747641571968.000000, -41477309189.095901 ] 
[ -3442659385.447241, -41477309189.095901, 842257.803936 ] 
vertexline variance is negative: -57254455021096464.000000
ref-point=(-1.922668,1.931563,2.206251)
pos=(-1.362597,1.368901,1.522743) at t=-1.047593
err=
[ -1812078903847365.500000, -20730293055007384.000000, -3442659385.447241 ] 
[ -20730293055007384.000000, -220322747641571968.000000, -41477309189.095901 ] 
[ -3442659385.447241, -41477309189.095901, 842257.803936 ] 
vertexline variance is negative: -33280795925323644928.000000
ref-point=(-1.922668,1.931563,2.206251)
pos=(-15.425820,15.497172,18.685439) at t=25.257167
err=
[ -1812078903847365.500000, -20730293055007384.000000, -3442659385.447241 ] 
[ -20730293055007384.000000, -220322747641571968.000000, -41477309189.095901 ] 
[ -3442659385.447241, -41477309189.095901, 842257.803936 ] 
vertexline variance is negative: -139602107234292816.000000
ref-point=(-1.922668,1.931563,2.206251)
pos=(-2.797217,2.810157,3.273547) at t=1.635813
err=
[ -1812078903847365.500000, -20730293055007384.000000, -3442659385.447241 ] 
[ -20730293055007384.000000, -220322747641571968.000000, -41477309189.095901 ] 
[ -3442659385.447241, -41477309189.095901, 842257.803936 ] 
vertexline variance is negative: -0.005977
ref-point=(-1.922668,1.931563,2.206251)
pos=(-1.922668,1.931563,2.206251) at t=0.000000
err=
[ -1812078903847365.500000, -20730293055007384.000000, -3442659385.447241 ] 
[ -20730293055007384.000000, -220322747641571968.000000, -41477309189.095901 ] 
[ -3442659385.447241, -41477309189.095901, 842257.803936 ] 
vertexline variance is negative: -18121477.241458
ref-point=(-1.922568,1.931563,2.206251)
pos=(-1.922668,1.931563,2.206251) at t=0.000000
err=
[ -1812078903847365.500000, -20730293055007384.000000, -3442659385.447241 ] 
[ -20730293055007384.000000, -220322747641571968.000000, -41477309189.095901 ] 
[ -3442659385.447241, -41477309189.095901, 842257.803936 ] 
vertexline variance is negative: -70535359279.616150
ref-point=(-1.922568,1.931563,2.206251)
pos=(-1.923300,1.932198,2.207022) at t=0.001182
err=
[ -1812078903847365.500000, -20730293055007384.000000, -3442659385.447241 ] 
[ -20730293055007384.000000, -220322747641571968.000000, -41477309189.095901 ] 
[ -3442659385.447241, -41477309189.095901, 842257.803936 ] 
vertexline variance is negative: -75308999062.085785
ref-point=(-1.922568,1.931563,2.206251)
pos=(-1.922036,1.930928,2.205480) at t=-0.001182
err=
[ -1812078903847365.500000, -20730293055007384.000000, -3442659385.447241 ] 
[ -20730293055007384.000000, -220322747641571968.000000, -41477309189.095901 ] 
[ -3442659385.447241, -41477309189.095901, 842257.803936 ] 
vertexline variance is negative: -18121477.241458
ref-point=(-1.922568,1.931563,2.206251)
pos=(-1.922668,1.931563,2.206251) at t=0.000000
err=
[ -1812078903847365.500000, -20730293055007384.000000, -3442659385.447241 ] 
[ -20730293055007384.000000, -220322747641571968.000000, -41477309189.095901 ] 
[ -3442659385.447241, -41477309189.095901, 842257.803936 ] 
vertexline variance is negative: -70535359279.616150
ref-point=(-1.922568,1.931563,2.206251)
pos=(-1.923300,1.932198,2.207022) at t=0.001182
err=
[ -1812078903847365.500000, -20730293055007384.000000, -3442659385.447241 ] 
[ -20730293055007384.000000, -220322747641571968.000000, -41477309189.095901 ] 
[ -3442659385.447241, -41477309189.095901, 842257.803936 ] 
vertexline variance is negative: -75308999062.085785
ref-point=(-1.922568,1.931563,2.206251)
pos=(-1.922036,1.930928,2.205480) at t=-0.001182
err=
[ -1812078903847365.500000, -20730293055007384.000000, -3442659385.447241 ] 
[ -20730293055007384.000000, -220322747641571968.000000, -41477309189.095901 ] 
[ -3442659385.447241, -41477309189.095901, 842257.803936 ] 
vertexline variance is negative: -7282992008320.416016
ref-point=(-1.922568,1.931563,2.206251)
pos=(-1.928995,1.937919,2.213973) at t=0.011835
err=
[ -1812078903847365.500000, -20730293055007384.000000, -3442659385.447241 ] 
[ -20730293055007384.000000, -220322747641571968.000000, -41477309189.095901 ] 
[ -3442659385.447241, -41477309189.095901, 842257.803936 ] 
vertexline variance is negative: -7297874439808.746094
ref-point=(-1.922568,1.931563,2.206251)
pos=(-1.916355,1.925221,2.198547) at t=-0.011808
err=
[ -1812078903847365.500000, -20730293055007384.000000, -3442659385.447241 ] 
[ -20730293055007384.000000, -220322747641571968.000000, -41477309189.095901 ] 
[ -3442659385.447241, -41477309189.095901, 842257.803936 ] 
vertexline variance is negative: -745487436616596.625000
ref-point=(-1.922568,1.931563,2.206251)
pos=(-1.986587,1.995777,2.284257) at t=0.119558
err=
[ -1812078903847365.500000, -20730293055007384.000000, -3442659385.447241 ] 
[ -20730293055007384.000000, -220322747641571968.000000, -41477309189.095901 ] 
[ -3442659385.447241, -41477309189.095901, 842257.803936 ] 
vertexline variance is negative: -712782298914306.375000
ref-point=(-1.922568,1.931563,2.206251)
pos=(-1.860188,1.868793,2.130000) at t=-0.116868
err=
[ -1812078903847365.500000, -20730293055007384.000000, -3442659385.447241 ] 
[ -20730293055007384.000000, -220322747641571968.000000, -41477309189.095901 ] 
[ -3442659385.447241, -41477309189.095901, 842257.803936 ] 
vertexline variance is negative: -90437156250767152.000000
ref-point=(-1.922568,1.931563,2.206251)
pos=(-2.626580,2.638730,3.065302) at t=1.316642
err=
[ -1812078903847365.500000, -20730293055007384.000000, -3442659385.447241 ] 
[ -20730293055007384.000000, -220322747641571968.000000, -41477309189.095901 ] 
[ -3442659385.447241, -41477309189.095901, 842257.803936 ] 
vertexline variance is negative: -57256584888196272.000000
ref-point=(-1.922568,1.931563,2.206251)
pos=(-1.362597,1.368901,1.522743) at t=-1.047593
err=
[ -1812078903847365.500000, -20730293055007384.000000, -3442659385.447241 ] 
[ -20730293055007384.000000, -220322747641571968.000000, -41477309189.095901 ] 
[ -3442659385.447241, -41477309189.095901, 842257.803936 ] 
vertexline variance is negative: -33280744575274188800.000000
ref-point=(-1.922568,1.931563,2.206251)
pos=(-15.425820,15.497172,18.685439) at t=25.257167
err=
[ -1812078903847365.500000, -20730293055007384.000000, -3442659385.447241 ] 
[ -20730293055007384.000000, -220322747641571968.000000, -41477309189.095901 ] 
[ -3442659385.447241, -41477309189.095901, 842257.803936 ] 
vertexline variance is negative: -139598781498166352.000000
ref-point=(-1.922568,1.931563,2.206251)
pos=(-2.797217,2.810157,3.273547) at t=1.635813
err=
[ -1812078903847365.500000, -20730293055007384.000000, -3442659385.447241 ] 
[ -20730293055007384.000000, -220322747641571968.000000, -41477309189.095901 ] 
[ -3442659385.447241, -41477309189.095901, 842257.803936 ] 
vertexline variance is negative: -18121477.241458
ref-point=(-1.922568,1.931563,2.206251)
pos=(-1.922668,1.931563,2.206251) at t=0.000000
err=
[ -1812078903847365.500000, -20730293055007384.000000, -3442659385.447241 ] 
[ -20730293055007384.000000, -220322747641571968.000000, -41477309189.095901 ] 
[ -3442659385.447241, -41477309189.095901, 842257.803936 ] 
vertexline variance is negative: -18120100.847436
ref-point=(-1.922768,1.931563,2.206251)
pos=(-1.922668,1.931563,2.206251) at t=0.000000
err=
[ -1812078903847365.500000, -20730293055007384.000000, -3442659385.447241 ] 
[ -20730293055007384.000000, -220322747641571968.000000, -41477309189.095901 ] 
[ -3442659385.447241, -41477309189.095901, 842257.803936 ] 
vertexline variance is negative: -75342647054.345703
ref-point=(-1.922768,1.931563,2.206251)
pos=(-1.923300,1.932198,2.207022) at t=0.001182
err=
[ -1812078903847365.500000, -20730293055007384.000000, -3442659385.447241 ] 
[ -20730293055007384.000000, -220322747641571968.000000, -41477309189.095901 ] 
[ -3442659385.447241, -41477309189.095901, 842257.803936 ] 
vertexline variance is negative: -70502802542.933472
ref-point=(-1.922768,1.931563,2.206251)
pos=(-1.922036,1.930928,2.205480) at t=-0.001182
err=
[ -1812078903847365.500000, -20730293055007384.000000, -3442659385.447241 ] 
[ -20730293055007384.000000, -220322747641571968.000000, -41477309189.095901 ] 
[ -3442659385.447241, -41477309189.095901, 842257.803936 ] 
vertexline variance is negative: -18120100.847436
ref-point=(-1.922768,1.931563,2.206251)
pos=(-1.922668,1.931563,2.206251) at t=0.000000
err=
[ -1812078903847365.500000, -20730293055007384.000000, -3442659385.447241 ] 
[ -20730293055007384.000000, -220322747641571968.000000, -41477309189.095901 ] 
[ -3442659385.447241, -41477309189.095901, 842257.803936 ] 
vertexline variance is negative: -75342647054.345703
ref-point=(-1.922768,1.931563,2.206251)
pos=(-1.923300,1.932198,2.207022) at t=0.001182
err=
[ -1812078903847365.500000, -20730293055007384.000000, -3442659385.447241 ] 
[ -20730293055007384.000000, -220322747641571968.000000, -41477309189.095901 ] 
[ -3442659385.447241, -41477309189.095901, 842257.803936 ] 
vertexline variance is negative: -70502802542.933472
ref-point=(-1.922768,1.931563,2.206251)
pos=(-1.922036,1.930928,2.205480) at t=-0.001182
err=
[ -1812078903847365.500000, -20730293055007384.000000, -3442659385.447241 ] 
[ -20730293055007384.000000, -220322747641571968.000000, -41477309189.095901 ] 
[ -3442659385.447241, -41477309189.095901, 842257.803936 ] 
vertexline variance is negative: -7331114128721.126953
ref-point=(-1.922768,1.931563,2.206251)
pos=(-1.928995,1.937919,2.213973) at t=0.011835
err=
[ -1812078903847365.500000, -20730293055007384.000000, -3442659385.447241 ] 
[ -20730293055007384.000000, -220322747641571968.000000, -41477309189.095901 ] 
[ -3442659385.447241, -41477309189.095901, 842257.803936 ] 
vertexline variance is negative: -7249861717360.938477
ref-point=(-1.922768,1.931563,2.206251)
pos=(-1.916355,1.925221,2.198547) at t=-0.011808
err=
[ -1812078903847365.500000, -20730293055007384.000000, -3442659385.447241 ] 
[ -20730293055007384.000000, -220322747641571968.000000, -41477309189.095901 ] 
[ -3442659385.447241, -41477309189.095901, 842257.803936 ] 
vertexline variance is negative: -745973580821764.125000
ref-point=(-1.922768,1.931563,2.206251)
pos=(-1.986587,1.995777,2.284257) at t=0.119558
err=
[ -1812078903847365.500000, -20730293055007384.000000, -3442659385.447241 ] 
[ -20730293055007384.000000, -220322747641571968.000000, -41477309189.095901 ] 
[ -3442659385.447241, -41477309189.095901, 842257.803936 ] 
vertexline variance is negative: -712307094776372.750000
ref-point=(-1.922768,1.931563,2.206251)
pos=(-1.860188,1.868793,2.130000) at t=-0.116868
err=
[ -1812078903847365.500000, -20730293055007384.000000, -3442659385.447241 ] 
[ -20730293055007384.000000, -220322747641571968.000000, -41477309189.095901 ] 
[ -3442659385.447241, -41477309189.095901, 842257.803936 ] 
vertexline variance is negative: -90442509950863280.000000
ref-point=(-1.922768,1.931563,2.206251)
pos=(-2.626580,2.638730,3.065302) at t=1.316642
err=
[ -1812078903847365.500000, -20730293055007384.000000, -3442659385.447241 ] 
[ -20730293055007384.000000, -220322747641571968.000000, -41477309189.095901 ] 
[ -3442659385.447241, -41477309189.095901, 842257.803936 ] 
vertexline variance is negative: -57252325190238248.000000
ref-point=(-1.922768,1.931563,2.206251)
pos=(-1.362597,1.368901,1.522743) at t=-1.047593
err=
[ -1812078903847365.500000, -20730293055007384.000000, -3442659385.447241 ] 
[ -20730293055007384.000000, -220322747641571968.000000, -41477309189.095901 ] 
[ -3442659385.447241, -41477309189.095901, 842257.803936 ] 
vertexline variance is negative: -33280847275409350656.000000
ref-point=(-1.922768,1.931563,2.206251)
pos=(-15.425820,15.497172,18.685439) at t=25.257167
err=
[ -1812078903847365.500000, -20730293055007384.000000, -3442659385.447241 ] 
[ -20730293055007384.000000, -220322747641571968.000000, -41477309189.095901 ] 
[ -3442659385.447241, -41477309189.095901, 842257.803936 ] 
vertexline variance is negative: -139605433006660848.000000
ref-point=(-1.922768,1.931563,2.206251)
pos=(-2.797217,2.810157,3.273547) at t=1.635813
err=
[ -1812078903847365.500000, -20730293055007384.000000, -3442659385.447241 ] 
[ -20730293055007384.000000, -220322747641571968.000000, -41477309189.095901 ] 
[ -3442659385.447241, -41477309189.095901, 842257.803936 ] 
vertexline variance is negative: -18120100.847436
ref-point=(-1.922768,1.931563,2.206251)
pos=(-1.922668,1.931563,2.206251) at t=0.000000
err=
[ -1812078903847365.500000, -20730293055007384.000000, -3442659385.447241 ] 
[ -20730293055007384.000000, -220322747641571968.000000, -41477309189.095901 ] 
[ -3442659385.447241, -41477309189.095901, 842257.803936 ] 
vertexline variance is negative: -2203234737.092469
ref-point=(-1.922668,1.931663,2.206251)
pos=(-1.922668,1.931563,2.206251) at t=0.000000
err=
[ -1812078903847365.500000, -20730293055007384.000000, -3442659385.447241 ] 
[ -20730293055007384.000000, -220322747641571968.000000, -41477309189.095901 ] 
[ -3442659385.447241, -41477309189.095901, 842257.803936 ] 
vertexline variance is negative: -49764050483.069565
ref-point=(-1.922668,1.931663,2.206251)
pos=(-1.923300,1.932198,2.207022) at t=0.001182
err=
[ -1812078903847365.500000, -20730293055007384.000000, -3442659385.447241 ] 
[ -20730293055007384.000000, -220322747641571968.000000, -41477309189.095901 ] 
[ -3442659385.447241, -41477309189.095901, 842257.803936 ] 
vertexline variance is negative: -100445310120.550842
ref-point=(-1.922668,1.931663,2.206251)
pos=(-1.922036,1.930928,2.205480) at t=-0.001182
err=
[ -1812078903847365.500000, -20730293055007384.000000, -3442659385.447241 ] 
[ -20730293055007384.000000, -220322747641571968.000000, -41477309189.095901 ] 
[ -3442659385.447241, -41477309189.095901, 842257.803936 ] 
vertexline variance is negative: -2203234737.092469
ref-point=(-1.922668,1.931663,2.206251)
pos=(-1.922668,1.931563,2.206251) at t=0.000000
err=
[ -1812078903847365.500000, -20730293055007384.000000, -3442659385.447241 ] 
[ -20730293055007384.000000, -220322747641571968.000000, -41477309189.095901 ] 
[ -3442659385.447241, -41477309189.095901, 842257.803936 ] 
vertexline variance is negative: -49764050483.069565
ref-point=(-1.922668,1.931663,2.206251)
pos=(-1.923300,1.932198,2.207022) at t=0.001182
err=
[ -1812078903847365.500000, -20730293055007384.000000, -3442659385.447241 ] 
[ -20730293055007384.000000, -220322747641571968.000000, -41477309189.095901 ] 
[ -3442659385.447241, -41477309189.095901, 842257.803936 ] 
vertexline variance is negative: -100445310120.550842
ref-point=(-1.922668,1.931663,2.206251)
pos=(-1.922036,1.930928,2.205480) at t=-0.001182
err=
[ -1812078903847365.500000, -20730293055007384.000000, -3442659385.447241 ] 
[ -20730293055007384.000000, -220322747641571968.000000, -41477309189.095901 ] 
[ -3442659385.447241, -41477309189.095901, 842257.803936 ] 
vertexline variance is negative: -7055377809944.023438
ref-point=(-1.922668,1.931663,2.206251)
pos=(-1.928995,1.937919,2.213973) at t=0.011835
err=
[ -1812078903847365.500000, -20730293055007384.000000, -3442659385.447241 ] 
[ -20730293055007384.000000, -220322747641571968.000000, -41477309189.095901 ] 
[ -3442659385.447241, -41477309189.095901, 842257.803936 ] 
vertexline variance is negative: -7529336439551.254883
ref-point=(-1.922668,1.931663,2.206251)
pos=(-1.916355,1.925221,2.198547) at t=-0.011808
err=
[ -1812078903847365.500000, -20730293055007384.000000, -3442659385.447241 ] 
[ -20730293055007384.000000, -220322747641571968.000000, -41477309189.095901 ] 
[ -3442659385.447241, -41477309189.095901, 842257.803936 ] 
vertexline variance is negative: -743168119686842.500000
ref-point=(-1.922668,1.931663,2.206251)
pos=(-1.986587,1.995777,2.284257) at t=0.119558
err=
[ -1812078903847365.500000, -20730293055007384.000000, -3442659385.447241 ] 
[ -20730293055007384.000000, -220322747641571968.000000, -41477309189.095901 ] 
[ -3442659385.447241, -41477309189.095901, 842257.803936 ] 
vertexline variance is negative: -715053743558002.500000
ref-point=(-1.922668,1.931663,2.206251)
pos=(-1.860188,1.868793,2.130000) at t=-0.116868
err=
[ -1812078903847365.500000, -20730293055007384.000000, -3442659385.447241 ] 
[ -20730293055007384.000000, -220322747641571968.000000, -41477309189.095901 ] 
[ -3442659385.447241, -41477309189.095901, 842257.803936 ] 
vertexline variance is negative: -90411592717834752.000000
ref-point=(-1.922668,1.931663,2.206251)
pos=(-2.626580,2.638730,3.065302) at t=1.316642
err=
[ -1812078903847365.500000, -20730293055007384.000000, -3442659385.447241 ] 
[ -20730293055007384.000000, -220322747641571968.000000, -41477309189.095901 ] 
[ -3442659385.447241, -41477309189.095901, 842257.803936 ] 
vertexline variance is negative: -57276928563295192.000000
ref-point=(-1.922668,1.931663,2.206251)
pos=(-1.362597,1.368901,1.522743) at t=-1.047593
err=
[ -1812078903847365.500000, -20730293055007384.000000, -3442659385.447241 ] 
[ -20730293055007384.000000, -220322747641571968.000000, -41477309189.095901 ] 
[ -3442659385.447241, -41477309189.095901, 842257.803936 ] 
vertexline variance is negative: -33280254149782908928.000000
ref-point=(-1.922668,1.931663,2.206251)
pos=(-15.425820,15.497172,18.685439) at t=25.257167
err=
[ -1812078903847365.500000, -20730293055007384.000000, -3442659385.447241 ] 
[ -20730293055007384.000000, -220322747641571968.000000, -41477309189.095901 ] 
[ -3442659385.447241, -41477309189.095901, 842257.803936 ] 
vertexline variance is negative: -139567020493768272.000000
ref-point=(-1.922668,1.931663,2.206251)
pos=(-2.797217,2.810157,3.273547) at t=1.635813
err=
[ -1812078903847365.500000, -20730293055007384.000000, -3442659385.447241 ] 
[ -20730293055007384.000000, -220322747641571968.000000, -41477309189.095901 ] 
[ -3442659385.447241, -41477309189.095901, 842257.803936 ] 
vertexline variance is negative: -2203234737.092469
ref-point=(-1.922668,1.931663,2.206251)
pos=(-1.922668,1.931563,2.206251) at t=0.000000
err=
[ -1812078903847365.500000, -20730293055007384.000000, -3442659385.447241 ] 
[ -20730293055007384.000000, -220322747641571968.000000, -41477309189.095901 ] 
[ -3442659385.447241, -41477309189.095901, 842257.803936 ] 
vertexline variance is negative: -2203220215.749954
ref-point=(-1.922668,1.931463,2.206251)
pos=(-1.922668,1.931563,2.206251) at t=0.000000
err=
[ -1812078903847365.500000, -20730293055007384.000000, -3442659385.447241 ] 
[ -20730293055007384.000000, -220322747641571968.000000, -41477309189.095901 ] 
[ -3442659385.447241, -41477309189.095901, 842257.803936 ] 
vertexline variance is negative: -100484169225.645859
ref-point=(-1.922668,1.931463,2.206251)
pos=(-1.923300,1.932198,2.207022) at t=0.001182
err=
[ -1812078903847365.500000, -20730293055007384.000000, -3442659385.447241 ] 
[ -20730293055007384.000000, -220322747641571968.000000, -41477309189.095901 ] 
[ -3442659385.447241, -41477309189.095901, 842257.803936 ] 
vertexline variance is negative: -49736704859.221931
ref-point=(-1.922668,1.931463,2.206251)
pos=(-1.922036,1.930928,2.205480) at t=-0.001182
err=
[ -1812078903847365.500000, -20730293055007384.000000, -3442659385.447241 ] 
[ -20730293055007384.000000, -220322747641571968.000000, -41477309189.095901 ] 
[ -3442659385.447241, -41477309189.095901, 842257.803936 ] 
vertexline variance is negative: -2203220215.749954
ref-point=(-1.922668,1.931463,2.206251)
pos=(-1.922668,1.931563,2.206251) at t=0.000000
err=
[ -1812078903847365.500000, -20730293055007384.000000, -3442659385.447241 ] 
[ -20730293055007384.000000, -220322747641571968.000000, -41477309189.095901 ] 
[ -3442659385.447241, -41477309189.095901, 842257.803936 ] 
vertexline variance is negative: -100484169225.645859
ref-point=(-1.922668,1.931463,2.206251)
pos=(-1.923300,1.932198,2.207022) at t=0.001182
err=
[ -1812078903847365.500000, -20730293055007384.000000, -3442659385.447241 ] 
[ -20730293055007384.000000, -220322747641571968.000000, -41477309189.095901 ] 
[ -3442659385.447241, -41477309189.095901, 842257.803936 ] 
vertexline variance is negative: -49736704859.221931
ref-point=(-1.922668,1.931463,2.206251)
pos=(-1.922036,1.930928,2.205480) at t=-0.001182
err=
[ -1812078903847365.500000, -20730293055007384.000000, -3442659385.447241 ] 
[ -20730293055007384.000000, -220322747641571968.000000, -41477309189.095901 ] 
[ -3442659385.447241, -41477309189.095901, 842257.803936 ] 
vertexline variance is negative: -7563098540472.274414
ref-point=(-1.922668,1.931463,2.206251)
pos=(-1.928995,1.937919,2.213973) at t=0.011835
err=
[ -1812078903847365.500000, -20730293055007384.000000, -3442659385.447241 ] 
[ -20730293055007384.000000, -220322747641571968.000000, -41477309189.095901 ] 
[ -3442659385.447241, -41477309189.095901, 842257.803936 ] 
vertexline variance is negative: -7022769930993.181641
ref-point=(-1.922668,1.931463,2.206251)
pos=(-1.916355,1.925221,2.198547) at t=-0.011808
err=
[ -1812078903847365.500000, -20730293055007384.000000, -3442659385.447241 ] 
[ -20730293055007384.000000, -220322747641571968.000000, -41477309189.095901 ] 
[ -3442659385.447241, -41477309189.095901, 842257.803936 ] 
vertexline variance is negative: -748297267964892.875000
ref-point=(-1.922668,1.931463,2.206251)
pos=(-1.986587,1.995777,2.284257) at t=0.119558
err=
[ -1812078903847365.500000, -20730293055007384.000000, -3442659385.447241 ] 
[ -20730293055007384.000000, -220322747641571968.000000, -41477309189.095901 ] 
[ -3442659385.447241, -41477309189.095901, 842257.803936 ] 
vertexline variance is negative: -710040020346051.250000
ref-point=(-1.922668,1.931463,2.206251)
pos=(-1.860188,1.868793,2.130000) at t=-0.116868
err=
[ -1812078903847365.500000, -20730293055007384.000000, -3442659385.447241 ] 
[ -20730293055007384.000000, -220322747641571968.000000, -41477309189.095901 ] 
[ -3442659385.447241, -41477309189.095901, 842257.803936 ] 
vertexline variance is negative: -90468077854009024.000000
ref-point=(-1.922668,1.931463,2.206251)
pos=(-2.626580,2.638730,3.065302) at t=1.316642
err=
[ -1812078903847365.500000, -20730293055007384.000000, -3442659385.447241 ] 
[ -20730293055007384.000000, -220322747641571968.000000, -41477309189.095901 ] 
[ -3442659385.447241, -41477309189.095901, 842257.803936 ] 
vertexline variance is negative: -57231985885352696.000000
ref-point=(-1.922668,1.931463,2.206251)
pos=(-1.362597,1.368901,1.522743) at t=-1.047593
err=
[ -1812078903847365.500000, -20730293055007384.000000, -3442659385.447241 ] 
[ -20730293055007384.000000, -220322747641571968.000000, -41477309189.095901 ] 
[ -3442659385.447241, -41477309189.095901, 842257.803936 ] 
vertexline variance is negative: -33281337705270845440.000000
ref-point=(-1.922668,1.931463,2.206251)
pos=(-15.425820,15.497172,18.685439) at t=25.257167
err=
[ -1812078903847365.500000, -20730293055007384.000000, -3442659385.447241 ] 
[ -20730293055007384.000000, -220322747641571968.000000, -41477309189.095901 ] 
[ -3442659385.447241, -41477309189.095901, 842257.803936 ] 
vertexline variance is negative: -139637198381272288.000000
ref-point=(-1.922668,1.931463,2.206251)
pos=(-2.797217,2.810157,3.273547) at t=1.635813
err=
[ -1812078903847365.500000, -20730293055007384.000000, -3442659385.447241 ] 
[ -20730293055007384.000000, -220322747641571968.000000, -41477309189.095901 ] 
[ -3442659385.447241, -41477309189.095901, 842257.803936 ] 
vertexline variance is negative: -2203220215.749954
ref-point=(-1.922668,1.931463,2.206251)
pos=(-1.922668,1.931563,2.206251) at t=0.000000
err=
[ -1812078903847365.500000, -20730293055007384.000000, -3442659385.447241 ] 
[ -20730293055007384.000000, -220322747641571968.000000, -41477309189.095901 ] 
[ -3442659385.447241, -41477309189.095901, 842257.803936 ] 
vertexline variance is negative: -729055179.035815
ref-point=(-1.922668,1.931563,2.206351)
pos=(-1.922731,1.931626,2.206328) at t=0.000118
err=
[ -1812078903847365.500000, -20730293055007384.000000, -3442659385.447241 ] 
[ -20730293055007384.000000, -220322747641571968.000000, -41477309189.095901 ] 
[ -3442659385.447241, -41477309189.095901, 842257.803936 ] 
vertexline variance is negative: -729031313.165110
ref-point=(-1.922668,1.931563,2.206351)
pos=(-1.922605,1.931499,2.206174) at t=-0.000118
err=
[ -1812078903847365.500000, -20730293055007384.000000, -3442659385.447241 ] 
[ -20730293055007384.000000, -220322747641571968.000000, -41477309189.095901 ] 
[ -3442659385.447241, -41477309189.095901, 842257.803936 ] 
vertexline variance is negative: -729055240.675971
ref-point=(-1.922668,1.931563,2.206351)
pos=(-1.922731,1.931626,2.206328) at t=0.000118
err=
[ -1812078903847365.500000, -20730293055007384.000000, -3442659385.447241 ] 
[ -20730293055007384.000000, -220322747641571968.000000, -41477309189.095901 ] 
[ -3442659385.447241, -41477309189.095901, 842257.803936 ] 
vertexline variance is negative: -729031367.955613
ref-point=(-1.922668,1.931563,2.206351)
pos=(-1.922605,1.931499,2.206174) at t=-0.000118
err=
[ -1812078903847365.500000, -20730293055007384.000000, -3442659385.447241 ] 
[ -20730293055007384.000000, -220322747641571968.000000, -41477309189.095901 ] 
[ -3442659385.447241, -41477309189.095901, 842257.803936 ] 
vertexline variance is negative: -0.000476
ref-point=(-1.922668,1.931563,2.206351)
pos=(-1.922668,1.931563,2.206251) at t=-0.000000
err=
[ -1812078903847365.500000, -20730293055007384.000000, -3442659385.447241 ] 
[ -20730293055007384.000000, -220322747641571968.000000, -41477309189.095901 ] 
[ -3442659385.447241, -41477309189.095901, 842257.803936 ] 
vertexline variance is negative: -729056145.379208
ref-point=(-1.922668,1.931563,2.206151)
pos=(-1.922731,1.931626,2.206328) at t=0.000118
err=
[ -1812078903847365.500000, -20730293055007384.000000, -3442659385.447241 ] 
[ -20730293055007384.000000, -220322747641571968.000000, -41477309189.095901 ] 
[ -3442659385.447241, -41477309189.095901, 842257.803936 ] 
vertexline variance is negative: -729030346.838173
ref-point=(-1.922668,1.931563,2.206151)
pos=(-1.922605,1.931499,2.206174) at t=-0.000118
err=
[ -1812078903847365.500000, -20730293055007384.000000, -3442659385.447241 ] 
[ -20730293055007384.000000, -220322747641571968.000000, -41477309189.095901 ] 
[ -3442659385.447241, -41477309189.095901, 842257.803936 ] 
vertexline variance is negative: -729056207.019405
ref-point=(-1.922668,1.931563,2.206151)
pos=(-1.922731,1.931626,2.206328) at t=0.000118
err=
[ -1812078903847365.500000, -20730293055007384.000000, -3442659385.447241 ] 
[ -20730293055007384.000000, -220322747641571968.000000, -41477309189.095901 ] 
[ -3442659385.447241, -41477309189.095901, 842257.803936 ] 
vertexline variance is negative: -729030401.628641
ref-point=(-1.922668,1.931563,2.206151)
pos=(-1.922605,1.931499,2.206174) at t=-0.000118
err=
[ -1812078903847365.500000, -20730293055007384.000000, -3442659385.447241 ] 
[ -20730293055007384.000000, -220322747641571968.000000, -41477309189.095901 ] 
[ -3442659385.447241, -41477309189.095901, 842257.803936 ] 
vertexline variance is negative: -729055782.392473
ref-point=(-1.922668,1.931563,2.206151)
pos=(-1.922731,1.931626,2.206328) at t=0.000118
err=
[ -1812078903847365.500000, -20730293055007384.000000, -3442659385.447241 ] 
[ -20730293055007384.000000, -220322747641571968.000000, -41477309189.095901 ] 
[ -3442659385.447241, -41477309189.095901, 842257.803936 ] 
vertexline variance is negative: -729030709.818043
ref-point=(-1.922668,1.931563,2.206151)
pos=(-1.922605,1.931499,2.206174) at t=-0.000118
err=
[ -1812078903847365.500000, -20730293055007384.000000, -3442659385.447241 ] 
[ -20730293055007384.000000, -220322747641571968.000000, -41477309189.095901 ] 
[ -3442659385.447241, -41477309189.095901, 842257.803936 ] 
vertexline variance is negative: -729055179.035815
ref-point=(-1.922668,1.931563,2.206351)
pos=(-1.922731,1.931626,2.206328) at t=0.000118
err=
[ -1812078903847365.500000, -20730293055007384.000000, -3442659385.447241 ] 
[ -20730293055007384.000000, -220322747641571968.000000, -41477309189.095901 ] 
[ -3442659385.447241, -41477309189.095901, 842257.803936 ] 
vertexline variance is negative: -729031313.165110
ref-point=(-1.922668,1.931563,2.206351)
pos=(-1.922605,1.931499,2.206174) at t=-0.000118
err=
[ -1812078903847365.500000, -20730293055007384.000000, -3442659385.447241 ] 
[ -20730293055007384.000000, -220322747641571968.000000, -41477309189.095901 ] 
[ -3442659385.447241, -41477309189.095901, 842257.803936 ] 
vertexline variance is negative: -729055240.675971
ref-point=(-1.922668,1.931563,2.206351)
pos=(-1.922731,1.931626,2.206328) at t=0.000118
err=
[ -1812078903847365.500000, -20730293055007384.000000, -3442659385.447241 ] 
[ -20730293055007384.000000, -220322747641571968.000000, -41477309189.095901 ] 
[ -3442659385.447241, -41477309189.095901, 842257.803936 ] 
vertexline variance is negative: -729031367.955613
ref-point=(-1.922668,1.931563,2.206351)
pos=(-1.922605,1.931499,2.206174) at t=-0.000118
err=
[ -1812078903847365.500000, -20730293055007384.000000, -3442659385.447241 ] 
[ -20730293055007384.000000, -220322747641571968.000000, -41477309189.095901 ] 
[ -3442659385.447241, -41477309189.095901, 842257.803936 ] 
vertexline variance is negative: -0.000476
ref-point=(-1.922668,1.931563,2.206351)
pos=(-1.922668,1.931563,2.206251) at t=-0.000000
err=
[ -1812078903847365.500000, -20730293055007384.000000, -3442659385.447241 ] 
[ -20730293055007384.000000, -220322747641571968.000000, -41477309189.095901 ] 
[ -3442659385.447241, -41477309189.095901, 842257.803936 ] 
vertexline variance is negative: -729053246.146886
ref-point=(-1.922668,1.931563,2.206751)
pos=(-1.922731,1.931626,2.206328) at t=0.000118
err=
[ -1812078903847365.500000, -20730293055007384.000000, -3442659385.447241 ] 
[ -20730293055007384.000000, -220322747641571968.000000, -41477309189.095901 ] 
[ -3442659385.447241, -41477309189.095901, 842257.803936 ] 
vertexline variance is negative: -729033245.616841
ref-point=(-1.922668,1.931563,2.206751)
pos=(-1.922605,1.931499,2.206174) at t=-0.000118
err=
[ -1812078903847365.500000, -20730293055007384.000000, -3442659385.447241 ] 
[ -20730293055007384.000000, -220322747641571968.000000, -41477309189.095901 ] 
[ -3442659385.447241, -41477309189.095901, 842257.803936 ] 
vertexline variance is negative: -729053307.786960
ref-point=(-1.922668,1.931563,2.206751)
pos=(-1.922731,1.931626,2.206328) at t=0.000118
err=
[ -1812078903847365.500000, -20730293055007384.000000, -3442659385.447241 ] 
[ -20730293055007384.000000, -220322747641571968.000000, -41477309189.095901 ] 
[ -3442659385.447241, -41477309189.095901, 842257.803936 ] 
vertexline variance is negative: -729033300.407417
ref-point=(-1.922668,1.931563,2.206751)
pos=(-1.922605,1.931499,2.206174) at t=-0.000118
err=
[ -1812078903847365.500000, -20730293055007384.000000, -3442659385.447241 ] 
[ -20730293055007384.000000, -220322747641571968.000000, -41477309189.095901 ] 
[ -3442659385.447241, -41477309189.095901, 842257.803936 ] 
vertexline variance is negative: -729052650.303248
ref-point=(-1.922668,1.931563,2.206751)
pos=(-1.922731,1.931626,2.206328) at t=0.000118
err=
[ -1812078903847365.500000, -20730293055007384.000000, -3442659385.447241 ] 
[ -20730293055007384.000000, -220322747641571968.000000, -41477309189.095901 ] 
[ -3442659385.447241, -41477309189.095901, 842257.803936 ] 
vertexline variance is negative: -729033841.452016
ref-point=(-1.922668,1.931563,2.206751)
pos=(-1.922605,1.931499,2.206174) at t=-0.000118
err=
[ -1812078903847365.500000, -20730293055007384.000000, -3442659385.447241 ] 
[ -20730293055007384.000000, -220322747641571968.000000, -41477309189.095901 ] 
[ -3442659385.447241, -41477309189.095901, 842257.803936 ] 
vertexline variance is negative: -729054212.625041
ref-point=(-1.922668,1.931563,2.206551)
pos=(-1.922731,1.931626,2.206328) at t=0.000118
err=
[ -1812078903847365.500000, -20730293055007384.000000, -3442659385.447241 ] 
[ -20730293055007384.000000, -220322747641571968.000000, -41477309189.095901 ] 
[ -3442659385.447241, -41477309189.095901, 842257.803936 ] 
vertexline variance is negative: -729032279.424666
ref-point=(-1.922668,1.931563,2.206551)
pos=(-1.922605,1.931499,2.206174) at t=-0.000118
err=
[ -1812078903847365.500000, -20730293055007384.000000, -3442659385.447241 ] 
[ -20730293055007384.000000, -220322747641571968.000000, -41477309189.095901 ] 
[ -3442659385.447241, -41477309189.095901, 842257.803936 ] 
vertexline variance is negative: -729054274.265156
ref-point=(-1.922668,1.931563,2.206551)
pos=(-1.922731,1.931626,2.206328) at t=0.000118
err=
[ -1812078903847365.500000, -20730293055007384.000000, -3442659385.447241 ] 
[ -20730293055007384.000000, -220322747641571968.000000, -41477309189.095901 ] 
[ -3442659385.447241, -41477309189.095901, 842257.803936 ] 
vertexline variance is negative: -729032334.215206
ref-point=(-1.922668,1.931563,2.206551)
pos=(-1.922605,1.931499,2.206174) at t=-0.000118
err=
[ -1812078903847365.500000, -20730293055007384.000000, -3442659385.447241 ] 
[ -20730293055007384.000000, -220322747641571968.000000, -41477309189.095901 ] 
[ -3442659385.447241, -41477309189.095901, 842257.803936 ] 
vertexline variance is negative: -729053671.567786
ref-point=(-1.922668,1.931563,2.206551)
pos=(-1.922731,1.931626,2.206328) at t=0.000118
err=
[ -1812078903847365.500000, -20730293055007384.000000, -3442659385.447241 ] 
[ -20730293055007384.000000, -220322747641571968.000000, -41477309189.095901 ] 
[ -3442659385.447241, -41477309189.095901, 842257.803936 ] 
vertexline variance is negative: -729032820.473982
ref-point=(-1.922668,1.931563,2.206551)
pos=(-1.922605,1.931499,2.206174) at t=-0.000118
err=
[ -1812078903847365.500000, -20730293055007384.000000, -3442659385.447241 ] 
[ -20730293055007384.000000, -220322747641571968.000000, -41477309189.095901 ] 
[ -3442659385.447241, -41477309189.095901, 842257.803936 ] 
vertexline variance is negative: -0.005999
ref-point=(-1.922668,1.931563,2.206266)
pos=(-1.922668,1.931563,2.206251) at t=0.000000
err=
[ -1812078903847365.500000, -20730293055007384.000000, -3442659385.447241 ] 
[ -20730293055007384.000000, -220322747641571968.000000, -41477309189.095901 ] 
[ -3442659385.447241, -41477309189.095901, 842257.803936 ] 
vertexline variance is negative: -72920881668.009781
ref-point=(-1.922668,1.931563,2.206266)
pos=(-1.923300,1.932198,2.207022) at t=0.001182
err=
[ -1812078903847365.500000, -20730293055007384.000000, -3442659385.447241 ] 
[ -20730293055007384.000000, -220322747641571968.000000, -41477309189.095901 ] 
[ -3442659385.447241, -41477309189.095901, 842257.803936 ] 
vertexline variance is negative: -72887780723.242310
ref-point=(-1.922668,1.931563,2.206266)
pos=(-1.922036,1.930928,2.205480) at t=-0.001182
err=
[ -1812078903847365.500000, -20730293055007384.000000, -3442659385.447241 ] 
[ -20730293055007384.000000, -220322747641571968.000000, -41477309189.095901 ] 
[ -3442659385.447241, -41477309189.095901, 842257.803936 ] 
