Error in <TSystem::ExpandFileName>: input: $HOME/.root.mimes, output: $HOME/.root.mimes
Info in <TGeoManager::TGeoManager>: Geometry default, Detector Geometry created
Info in <TGeoManager::SetTopVolume>: Top volume is world_volume. Master volume is world_volume
Info in <TGeoNavigator::BuildCache>: --- Maximum geometry depth set to 100
++++++++++++++++++++++++++++++++++++++++++++++++++++++++++++++++++++++++++++++++++++++++++++++++++++++++++++++++++++++++++++++
++  The usage of the factory: "Beampipe_o1_v01" is DEPRECATED due to naming conventions.                                    ++
++  Please use "DD4hep_Beampipe_o1_v01" instead.                                                                            ++
++++++++++++++++++++++++++++++++++++++++++++++++++++++++++++++++++++++++++++++++++++++++++++++++++++++++++++++++++++++++++++++
Info in <TGeoManager::CheckGeometry>: Fixing runtime shapes...
Info in <TGeoManager::CheckGeometry>: ...Nothing to fix
Info in <TGeoManager::CloseGeometry>: Counting nodes...
Info in <TGeoManager::Voxelize>: Voxelizing...
Info in <TGeoManager::CloseGeometry>: Building cache...
Info in <TGeoManager::CountLevels>: max level = 5, max placements = 1044
Info in <TGeoManager::CloseGeometry>: 411734 nodes/ 5904 volume UID's in Detector Geometry
Info in <TGeoManager::CloseGeometry>: ----------------modeler ready----------------
vertexline variance is negative: -0.000413
ref-point=(0.649910,4.070510,-6.440375)
pos=(0.649910,4.070510,-6.440375) at t=0.000000
err=
[ -2187410921496.159180, -647374054460857.625000, -102326090101.960373 ] 
[ -647374054460857.625000, -191591511787666208.000000, -30283343653254.871094 ] 
[ -102326090101.960373, -30283343653254.871094, -4785946089.131269 ] 
vertexline variance is negative: -189290251204.349426
ref-point=(0.649910,4.070510,-6.440375)
pos=(0.650068,4.071503,-6.441950) at t=0.001869
err=
[ -2187410921496.159180, -647374054460857.625000, -102326090101.960373 ] 
[ -647374054460857.625000, -191591511787666208.000000, -30283343653254.871094 ] 
[ -102326090101.960373, -30283343653254.871094, -4785946089.131269 ] 
vertexline variance is negative: -189237111378.831604
ref-point=(0.649910,4.070510,-6.440375)
pos=(0.649751,4.069516,-6.438800) at t=-0.001869
err=
[ -2187410921496.159180, -647374054460857.625000, -102326090101.960373 ] 
[ -647374054460857.625000, -191591511787666208.000000, -30283343653254.871094 ] 
[ -102326090101.960373, -30283343653254.871094, -4785946089.131269 ] 
vertexline variance is negative: -0.000413
ref-point=(0.649910,4.070510,-6.440375)
pos=(0.649910,4.070510,-6.440375) at t=0.000000
err=
[ -2187410921496.159180, -647374054460857.625000, -102326090101.960373 ] 
[ -647374054460857.625000, -191591511787666208.000000, -30283343653254.871094 ] 
[ -102326090101.960373, -30283343653254.871094, -4785946089.131269 ] 
vertexline variance is negative: -189290251204.349426
ref-point=(0.649910,4.070510,-6.440375)
pos=(0.650068,4.071503,-6.441950) at t=0.001869
err=
[ -2187410921496.159180, -647374054460857.625000, -102326090101.960373 ] 
[ -647374054460857.625000, -191591511787666208.000000, -30283343653254.871094 ] 
[ -102326090101.960373, -30283343653254.871094, -4785946089.131269 ] 
vertexline variance is negative: -189237111378.831604
ref-point=(0.649910,4.070510,-6.440375)
pos=(0.649751,4.069516,-6.438800) at t=-0.001869
err=
[ -2187410921496.159180, -647374054460857.625000, -102326090101.960373 ] 
[ -647374054460857.625000, -191591511787666208.000000, -30283343653254.871094 ] 
[ -102326090101.960373, -30283343653254.871094, -4785946089.131269 ] 
vertexline variance is negative: -18952929707170.425781
ref-point=(0.649910,4.070510,-6.440375)
pos=(0.651497,4.080453,-6.456137) at t=0.018704
err=
[ -2187410921496.159180, -647374054460857.625000, -102326090101.960373 ] 
[ -647374054460857.625000, -191591511787666208.000000, -30283343653254.871094 ] 
[ -102326090101.960373, -30283343653254.871094, -4785946089.131269 ] 
vertexline variance is negative: -18899824921634.195312
ref-point=(0.649910,4.070510,-6.440375)
pos=(0.648324,4.060580,-6.424635) at t=-0.018677
err=
[ -2187410921496.159180, -647374054460857.625000, -102326090101.960373 ] 
[ -647374054460857.625000, -191591511787666208.000000, -30283343653254.871094 ] 
[ -102326090101.960373, -30283343653254.871094, -4785946089.131269 ] 
vertexline variance is negative: -1919281813852985.000000
ref-point=(0.649910,4.070510,-6.440375)
pos=(0.665886,4.170569,-6.598989) at t=0.188216
err=
[ -2187410921496.159180, -647374054460857.625000, -102326090101.960373 ] 
[ -647374054460857.625000, -191591511787666208.000000, -30283343653254.871094 ] 
[ -102326090101.960373, -30283343653254.871094, -4785946089.131269 ] 
vertexline variance is negative: -1866177384392423.500000
ref-point=(0.649910,4.070510,-6.440375)
pos=(0.634156,3.971845,-6.283971) at t=-0.185594
err=
[ -2187410921496.159180, -647374054460857.625000, -102326090101.960373 ] 
[ -647374054460857.625000, -191591511787666208.000000, -30283343653254.871094 ] 
[ -102326090101.960373, -30283343653254.871094, -4785946089.131269 ] 
vertexline variance is negative: -216743496802920032.000000
ref-point=(0.649910,4.070510,-6.440375)
pos=(0.819685,5.133819,-8.125934) at t=2.000140
err=
[ -2187410921496.159180, -647374054460857.625000, -102326090101.960373 ] 
[ -647374054460857.625000, -191591511787666208.000000, -30283343653254.871094 ] 
[ -102326090101.960373, -30283343653254.871094, -4785946089.131269 ] 
vertexline variance is negative: -163639760567540832.000000
ref-point=(0.649910,4.070510,-6.440375)
pos=(0.502392,3.146597,-4.975788) at t=-1.737928
err=
[ -2187410921496.159180, -647374054460857.625000, -102326090101.960373 ] 
[ -647374054460857.625000, -191591511787666208.000000, -30283343653254.871094 ] 
[ -102326090101.960373, -30283343653254.871094, -4785946089.131269 ] 
vertexline variance is negative: -54715213718992543744.000000
ref-point=(0.649910,4.070510,-6.440375)
pos=(3.347370,20.964819,-33.221261) at t=31.779079
err=
[ -2187410921496.159180, -647374054460857.625000, -102326090101.960373 ] 
[ -647374054460857.625000, -191591511787666208.000000, -30283343653254.871094 ] 
[ -102326090101.960373, -30283343653254.871094, -4785946089.131269 ] 
vertexline variance is negative: -1680414043244456704.000000
ref-point=(0.649910,4.070510,-6.440375)
pos=(0.177184,1.109809,-1.747067) at t=-5.569233
err=
[ -2187410921496.159180, -647374054460857.625000, -102326090101.960373 ] 
[ -647374054460857.625000, -191591511787666208.000000, -30283343653254.871094 ] 
[ -102326090101.960373, -30283343653254.871094, -4785946089.131269 ] 
vertexline variance is negative: -0.000413
ref-point=(0.649910,4.070510,-6.440375)
pos=(0.649910,4.070510,-6.440375) at t=0.000000
err=
[ -2187410921496.159180, -647374054460857.625000, -102326090101.960373 ] 
[ -647374054460857.625000, -191591511787666208.000000, -30283343653254.871094 ] 
[ -102326090101.960373, -30283343653254.871094, -4785946089.131269 ] 
vertexline variance is negative: -21868.095427
ref-point=(0.650010,4.070510,-6.440375)
pos=(0.649910,4.070510,-6.440375) at t=0.000000
err=
[ -2187410921496.159180, -647374054460857.625000, -102326090101.960373 ] 
[ -647374054460857.625000, -191591511787666208.000000, -30283343653254.871094 ] 
[ -102326090101.960373, -30283343653254.871094, -4785946089.131269 ] 
vertexline variance is negative: -189161578197.057831
ref-point=(0.650010,4.070510,-6.440375)
pos=(0.650068,4.071503,-6.441950) at t=0.001869
err=
[ -2187410921496.159180, -647374054460857.625000, -102326090101.960373 ] 
[ -647374054460857.625000, -191591511787666208.000000, -30283343653254.871094 ] 
[ -102326090101.960373, -30283343653254.871094, -4785946089.131269 ] 
vertexline variance is negative: -189365810068.689789
ref-point=(0.650010,4.070510,-6.440375)
pos=(0.649751,4.069516,-6.438800) at t=-0.001869
err=
[ -2187410921496.159180, -647374054460857.625000, -102326090101.960373 ] 
[ -647374054460857.625000, -191591511787666208.000000, -30283343653254.871094 ] 
[ -102326090101.960373, -30283343653254.871094, -4785946089.131269 ] 
vertexline variance is negative: -21868.095427
ref-point=(0.650010,4.070510,-6.440375)
pos=(0.649910,4.070510,-6.440375) at t=0.000000
err=
[ -2187410921496.159180, -647374054460857.625000, -102326090101.960373 ] 
[ -647374054460857.625000, -191591511787666208.000000, -30283343653254.871094 ] 
[ -102326090101.960373, -30283343653254.871094, -4785946089.131269 ] 
vertexline variance is negative: -189161578197.057831
ref-point=(0.650010,4.070510,-6.440375)
pos=(0.650068,4.071503,-6.441950) at t=0.001869
err=
[ -2187410921496.159180, -647374054460857.625000, -102326090101.960373 ] 
[ -647374054460857.625000, -191591511787666208.000000, -30283343653254.871094 ] 
[ -102326090101.960373, -30283343653254.871094, -4785946089.131269 ] 
vertexline variance is negative: -189365810068.689789
ref-point=(0.650010,4.070510,-6.440375)
pos=(0.649751,4.069516,-6.438800) at t=-0.001869
err=
[ -2187410921496.159180, -647374054460857.625000, -102326090101.960373 ] 
[ -647374054460857.625000, -191591511787666208.000000, -30283343653254.871094 ] 
[ -102326090101.960373, -30283343653254.871094, -4785946089.131269 ] 
vertexline variance is negative: -18951641967872.976562
ref-point=(0.650010,4.070510,-6.440375)
pos=(0.651497,4.080453,-6.456137) at t=0.018704
err=
[ -2187410921496.159180, -647374054460857.625000, -102326090101.960373 ] 
[ -647374054460857.625000, -191591511787666208.000000, -30283343653254.871094 ] 
[ -102326090101.960373, -30283343653254.871094, -4785946089.131269 ] 
vertexline variance is negative: -18901110899305.906250
ref-point=(0.650010,4.070510,-6.440375)
pos=(0.648324,4.060580,-6.424635) at t=-0.018677
err=
[ -2187410921496.159180, -647374054460857.625000, -102326090101.960373 ] 
[ -647374054460857.625000, -191591511787666208.000000, -30283343653254.871094 ] 
[ -102326090101.960373, -30283343653254.871094, -4785946089.131269 ] 
vertexline variance is negative: -1919268855023027.000000
ref-point=(0.650010,4.070510,-6.440375)
pos=(0.665886,4.170569,-6.598989) at t=0.188216
err=
[ -2187410921496.159180, -647374054460857.625000, -102326090101.960373 ] 
[ -647374054460857.625000, -191591511787666208.000000, -30283343653254.871094 ] 
[ -102326090101.960373, -30283343653254.871094, -4785946089.131269 ] 
vertexline variance is negative: -1866190162729928.500000
ref-point=(0.650010,4.070510,-6.440375)
pos=(0.634156,3.971845,-6.283971) at t=-0.185594
err=
[ -2187410921496.159180, -647374054460857.625000, -102326090101.960373 ] 
[ -647374054460857.625000, -191591511787666208.000000, -30283343653254.871094 ] 
[ -102326090101.960373, -30283343653254.871094, -4785946089.131269 ] 
vertexline variance is negative: -216743359091448448.000000
ref-point=(0.650010,4.070510,-6.440375)
pos=(0.819685,5.133819,-8.125934) at t=2.000140
err=
[ -2187410921496.159180, -647374054460857.625000, -102326090101.960373 ] 
[ -647374054460857.625000, -191591511787666208.000000, -30283343653254.871094 ] 
[ -102326090101.960373, -30283343653254.871094, -4785946089.131269 ] 
vertexline variance is negative: -163639880225515424.000000
ref-point=(0.650010,4.070510,-6.440375)
pos=(0.502392,3.146597,-4.975788) at t=-1.737928
err=
[ -2187410921496.159180, -647374054460857.625000, -102326090101.960373 ] 
[ -647374054460857.625000, -191591511787666208.000000, -30283343653254.871094 ] 
[ -102326090101.960373, -30283343653254.871094, -4785946089.131269 ] 
vertexline variance is negative: -54715211530973003776.000000
ref-point=(0.650010,4.070510,-6.440375)
pos=(3.347370,20.964819,-33.221261) at t=31.779079
err=
[ -2187410921496.159180, -647374054460857.625000, -102326090101.960373 ] 
[ -647374054460857.625000, -191591511787666208.000000, -30283343653254.871094 ] 
[ -102326090101.960373, -30283343653254.871094, -4785946089.131269 ] 
vertexline variance is negative: -1680414426691440384.000000
ref-point=(0.650010,4.070510,-6.440375)
pos=(0.177184,1.109809,-1.747067) at t=-5.569233
err=
[ -2187410921496.159180, -647374054460857.625000, -102326090101.960373 ] 
[ -647374054460857.625000, -191591511787666208.000000, -30283343653254.871094 ] 
[ -102326090101.960373, -30283343653254.871094, -4785946089.131269 ] 
vertexline variance is negative: -21868.095427
ref-point=(0.650010,4.070510,-6.440375)
pos=(0.649910,4.070510,-6.440375) at t=0.000000
err=
[ -2187410921496.159180, -647374054460857.625000, -102326090101.960373 ] 
[ -647374054460857.625000, -191591511787666208.000000, -30283343653254.871094 ] 
[ -102326090101.960373, -30283343653254.871094, -4785946089.131269 ] 
vertexline variance is negative: -21880.123830
ref-point=(0.649810,4.070510,-6.440375)
pos=(0.649910,4.070510,-6.440375) at t=0.000000
err=
[ -2187410921496.159180, -647374054460857.625000, -102326090101.960373 ] 
[ -647374054460857.625000, -191591511787666208.000000, -30283343653254.871094 ] 
[ -102326090101.960373, -30283343653254.871094, -4785946089.131269 ] 
vertexline variance is negative: -189418967959.859528
ref-point=(0.649810,4.070510,-6.440375)
pos=(0.650068,4.071503,-6.441950) at t=0.001869
err=
[ -2187410921496.159180, -647374054460857.625000, -102326090101.960373 ] 
[ -647374054460857.625000, -191591511787666208.000000, -30283343653254.871094 ] 
[ -102326090101.960373, -30283343653254.871094, -4785946089.131269 ] 
vertexline variance is negative: -189108456437.191895
ref-point=(0.649810,4.070510,-6.440375)
pos=(0.649751,4.069516,-6.438800) at t=-0.001869
err=
[ -2187410921496.159180, -647374054460857.625000, -102326090101.960373 ] 
[ -647374054460857.625000, -191591511787666208.000000, -30283343653254.871094 ] 
[ -102326090101.960373, -30283343653254.871094, -4785946089.131269 ] 
vertexline variance is negative: -21880.123830
ref-point=(0.649810,4.070510,-6.440375)
pos=(0.649910,4.070510,-6.440375) at t=0.000000
err=
[ -2187410921496.159180, -647374054460857.625000, -102326090101.960373 ] 
[ -647374054460857.625000, -191591511787666208.000000, -30283343653254.871094 ] 
[ -102326090101.960373, -30283343653254.871094, -4785946089.131269 ] 
vertexline variance is negative: -189418967959.859528
ref-point=(0.649810,4.070510,-6.440375)
pos=(0.650068,4.071503,-6.441950) at t=0.001869
err=
[ -2187410921496.159180, -647374054460857.625000, -102326090101.960373 ] 
[ -647374054460857.625000, -191591511787666208.000000, -30283343653254.871094 ] 
[ -102326090101.960373, -30283343653254.871094, -4785946089.131269 ] 
vertexline variance is negative: -189108456437.191895
ref-point=(0.649810,4.070510,-6.440375)
pos=(0.649751,4.069516,-6.438800) at t=-0.001869
err=
[ -2187410921496.159180, -647374054460857.625000, -102326090101.960373 ] 
[ -647374054460857.625000, -191591511787666208.000000, -30283343653254.871094 ] 
[ -102326090101.960373, -30283343653254.871094, -4785946089.131269 ] 
vertexline variance is negative: -18954217490216.097656
ref-point=(0.649810,4.070510,-6.440375)
pos=(0.651497,4.080453,-6.456137) at t=0.018704
err=
[ -2187410921496.159180, -647374054460857.625000, -102326090101.960373 ] 
[ -647374054460857.625000, -191591511787666208.000000, -30283343653254.871094 ] 
[ -102326090101.960373, -30283343653254.871094, -4785946089.131269 ] 
vertexline variance is negative: -18898538987710.703125
ref-point=(0.649810,4.070510,-6.440375)
pos=(0.648324,4.060580,-6.424635) at t=-0.018677
err=
[ -2187410921496.159180, -647374054460857.625000, -102326090101.960373 ] 
[ -647374054460857.625000, -191591511787666208.000000, -30283343653254.871094 ] 
[ -102326090101.960373, -30283343653254.871094, -4785946089.131269 ] 
vertexline variance is negative: -1919294772726691.000000
ref-point=(0.649810,4.070510,-6.440375)
pos=(0.665886,4.170569,-6.598989) at t=0.188216
err=
[ -2187410921496.159180, -647374054460857.625000, -102326090101.960373 ] 
[ -647374054460857.625000, -191591511787666208.000000, -30283343653254.871094 ] 
[ -102326090101.960373, -30283343653254.871094, -4785946089.131269 ] 
vertexline variance is negative: -1866164606098666.500000
ref-point=(0.649810,4.070510,-6.440375)
pos=(0.634156,3.971845,-6.283971) at t=-0.185594
err=
[ -2187410921496.159180, -647374054460857.625000, -102326090101.960373 ] 
[ -647374054460857.625000, -191591511787666208.000000, -30283343653254.871094 ] 
[ -102326090101.960373, -30283343653254.871094, -4785946089.131269 ] 
vertexline variance is negative: -216743634514435296.000000
ref-point=(0.649810,4.070510,-6.440375)
pos=(0.819685,5.133819,-8.125934) at t=2.000140
err=
[ -2187410921496.159180, -647374054460857.625000, -102326090101.960373 ] 
[ -647374054460857.625000, -191591511787666208.000000, -30283343653254.871094 ] 
[ -102326090101.960373, -30283343653254.871094, -4785946089.131269 ] 
vertexline variance is negative: -163639640909610048.000000
ref-point=(0.649810,4.070510,-6.440375)
pos=(0.502392,3.146597,-4.975788) at t=-1.737928
err=
[ -2187410921496.159180, -647374054460857.625000, -102326090101.960373 ] 
[ -647374054460857.625000, -191591511787666208.000000, -30283343653254.871094 ] 
[ -102326090101.960373, -30283343653254.871094, -4785946089.131269 ] 
vertexline variance is negative: -54715215907012124672.000000
ref-point=(0.649810,4.070510,-6.440375)
pos=(3.347370,20.964819,-33.221261) at t=31.779079
err=
[ -2187410921496.159180, -647374054460857.625000, -102326090101.960373 ] 
[ -647374054460857.625000, -191591511787666208.000000, -30283343653254.871094 ] 
[ -102326090101.960373, -30283343653254.871094, -4785946089.131269 ] 
vertexline variance is negative: -1680413659797516032.000000
ref-point=(0.649810,4.070510,-6.440375)
pos=(0.177184,1.109809,-1.747067) at t=-5.569233
err=
[ -2187410921496.159180, -647374054460857.625000, -102326090101.960373 ] 
[ -647374054460857.625000, -191591511787666208.000000, -30283343653254.871094 ] 
[ -102326090101.960373, -30283343653254.871094, -4785946089.131269 ] 
vertexline variance is negative: -21880.123830
ref-point=(0.649810,4.070510,-6.440375)
pos=(0.649910,4.070510,-6.440375) at t=0.000000
err=
[ -2187410921496.159180, -647374054460857.625000, -102326090101.960373 ] 
[ -647374054460857.625000, -191591511787666208.000000, -30283343653254.871094 ] 
[ -102326090101.960373, -30283343653254.871094, -4785946089.131269 ] 
vertexline variance is negative: -1915913337.954497
ref-point=(0.649910,4.070610,-6.440375)
pos=(0.649910,4.070510,-6.440375) at t=0.000000
err=
[ -2187410921496.159180, -647374054460857.625000, -102326090101.960373 ] 
[ -647374054460857.625000, -191591511787666208.000000, -30283343653254.871094 ] 
[ -102326090101.960373, -30283343653254.871094, -4785946089.131269 ] 
vertexline variance is negative: -153118685231.839020
ref-point=(0.649910,4.070610,-6.440375)
pos=(0.650068,4.071503,-6.441950) at t=0.001869
err=
[ -2187410921496.159180, -647374054460857.625000, -102326090101.960373 ] 
[ -647374054460857.625000, -191591511787666208.000000, -30283343653254.871094 ] 
[ -102326090101.960373, -30283343653254.871094, -4785946089.131269 ] 
vertexline variance is negative: -229235161024.974213
ref-point=(0.649910,4.070610,-6.440375)
pos=(0.649751,4.069516,-6.438800) at t=-0.001869
err=
[ -2187410921496.159180, -647374054460857.625000, -102326090101.960373 ] 
[ -647374054460857.625000, -191591511787666208.000000, -30283343653254.871094 ] 
[ -102326090101.960373, -30283343653254.871094, -4785946089.131269 ] 
vertexline variance is negative: -1915913337.954497
ref-point=(0.649910,4.070610,-6.440375)
pos=(0.649910,4.070510,-6.440375) at t=0.000000
err=
[ -2187410921496.159180, -647374054460857.625000, -102326090101.960373 ] 
[ -647374054460857.625000, -191591511787666208.000000, -30283343653254.871094 ] 
[ -102326090101.960373, -30283343653254.871094, -4785946089.131269 ] 
vertexline variance is negative: -153118685231.839020
ref-point=(0.649910,4.070610,-6.440375)
pos=(0.650068,4.071503,-6.441950) at t=0.001869
err=
[ -2187410921496.159180, -647374054460857.625000, -102326090101.960373 ] 
[ -647374054460857.625000, -191591511787666208.000000, -30283343653254.871094 ] 
[ -102326090101.960373, -30283343653254.871094, -4785946089.131269 ] 
vertexline variance is negative: -229235161024.974213
ref-point=(0.649910,4.070610,-6.440375)
pos=(0.649751,4.069516,-6.438800) at t=-0.001869
err=
[ -2187410921496.159180, -647374054460857.625000, -102326090101.960373 ] 
[ -647374054460857.625000, -191591511787666208.000000, -30283343653254.871094 ] 
[ -102326090101.960373, -30283343653254.871094, -4785946089.131269 ] 
vertexline variance is negative: -18573730392708.781250
ref-point=(0.649910,4.070610,-6.440375)
pos=(0.651497,4.080453,-6.456137) at t=0.018704
err=
[ -2187410921496.159180, -647374054460857.625000, -102326090101.960373 ] 
[ -647374054460857.625000, -191591511787666208.000000, -30283343653254.871094 ] 
[ -102326090101.960373, -30283343653254.871094, -4785946089.131269 ] 
vertexline variance is negative: -19282321762668.851562
ref-point=(0.649910,4.070610,-6.440375)
pos=(0.648324,4.060580,-6.424635) at t=-0.018677
err=
[ -2187410921496.159180, -647374054460857.625000, -102326090101.960373 ] 
[ -647374054460857.625000, -191591511787666208.000000, -30283343653254.871094 ] 
[ -102326090101.960373, -30283343653254.871094, -4785946089.131269 ] 
vertexline variance is negative: -1915448534314068.500000
ref-point=(0.649910,4.070610,-6.440375)
pos=(0.665886,4.170569,-6.598989) at t=0.188216
err=
[ -2187410921496.159180, -647374054460857.625000, -102326090101.960373 ] 
[ -647374054460857.625000, -191591511787666208.000000, -30283343653254.871094 ] 
[ -102326090101.960373, -30283343653254.871094, -4785946089.131269 ] 
vertexline variance is negative: -1869961065748935.000000
ref-point=(0.649910,4.070610,-6.440375)
pos=(0.634156,3.971845,-6.283971) at t=-0.185594
err=
[ -2187410921496.159180, -647374054460857.625000, -102326090101.960373 ] 
[ -647374054460857.625000, -191591511787666208.000000, -30283343653254.871094 ] 
[ -102326090101.960373, -30283343653254.871094, -4785946089.131269 ] 
vertexline variance is negative: -216702742755235680.000000
ref-point=(0.649910,4.070610,-6.440375)
pos=(0.819685,5.133819,-8.125934) at t=2.000140
err=
[ -2187410921496.159180, -647374054460857.625000, -102326090101.960373 ] 
[ -647374054460857.625000, -191591511787666208.000000, -30283343653254.871094 ] 
[ -102326090101.960373, -30283343653254.871094, -4785946089.131269 ] 
vertexline variance is negative: -163675175469275328.000000
ref-point=(0.649910,4.070610,-6.440375)
pos=(0.502392,3.146597,-4.975788) at t=-1.737928
err=
[ -2187410921496.159180, -647374054460857.625000, -102326090101.960373 ] 
[ -647374054460857.625000, -191591511787666208.000000, -30283343653254.871094 ] 
[ -102326090101.960373, -30283343653254.871094, -4785946089.131269 ] 
vertexline variance is negative: -54714566172593217536.000000
ref-point=(0.649910,4.070610,-6.440375)
pos=(3.347370,20.964819,-33.221261) at t=31.779079
err=
[ -2187410921496.159180, -647374054460857.625000, -102326090101.960373 ] 
[ -647374054460857.625000, -191591511787666208.000000, -30283343653254.871094 ] 
[ -102326090101.960373, -30283343653254.871094, -4785946089.131269 ] 
vertexline variance is negative: -1680527526976884736.000000
ref-point=(0.649910,4.070610,-6.440375)
pos=(0.177184,1.109809,-1.747067) at t=-5.569233
err=
[ -2187410921496.159180, -647374054460857.625000, -102326090101.960373 ] 
[ -647374054460857.625000, -191591511787666208.000000, -30283343653254.871094 ] 
[ -102326090101.960373, -30283343653254.871094, -4785946089.131269 ] 
vertexline variance is negative: -1915913337.954497
ref-point=(0.649910,4.070610,-6.440375)
pos=(0.649910,4.070510,-6.440375) at t=0.000000
err=
[ -2187410921496.159180, -647374054460857.625000, -102326090101.960373 ] 
[ -647374054460857.625000, -191591511787666208.000000, -30283343653254.871094 ] 
[ -102326090101.960373, -30283343653254.871094, -4785946089.131269 ] 
vertexline variance is negative: -1915916897.781793
ref-point=(0.649910,4.070410,-6.440375)
pos=(0.649910,4.070510,-6.440375) at t=0.000000
err=
[ -2187410921496.159180, -647374054460857.625000, -102326090101.960373 ] 
[ -647374054460857.625000, -191591511787666208.000000, -30283343653254.871094 ] 
[ -102326090101.960373, -30283343653254.871094, -4785946089.131269 ] 
vertexline variance is negative: -229293647412.595306
ref-point=(0.649910,4.070410,-6.440375)
pos=(0.650068,4.071503,-6.441950) at t=0.001869
err=
[ -2187410921496.159180, -647374054460857.625000, -102326090101.960373 ] 
[ -647374054460857.625000, -191591511787666208.000000, -30283343653254.871094 ] 
[ -102326090101.960373, -30283343653254.871094, -4785946089.131269 ] 
vertexline variance is negative: -153070891968.424469
ref-point=(0.649910,4.070410,-6.440375)
pos=(0.649751,4.069516,-6.438800) at t=-0.001869
err=
[ -2187410921496.159180, -647374054460857.625000, -102326090101.960373 ] 
[ -647374054460857.625000, -191591511787666208.000000, -30283343653254.871094 ] 
[ -102326090101.960373, -30283343653254.871094, -4785946089.131269 ] 
vertexline variance is negative: -1915916897.781793
ref-point=(0.649910,4.070410,-6.440375)
pos=(0.649910,4.070510,-6.440375) at t=0.000000
err=
[ -2187410921496.159180, -647374054460857.625000, -102326090101.960373 ] 
[ -647374054460857.625000, -191591511787666208.000000, -30283343653254.871094 ] 
[ -102326090101.960373, -30283343653254.871094, -4785946089.131269 ] 
vertexline variance is negative: -229293647412.595306
ref-point=(0.649910,4.070410,-6.440375)
pos=(0.650068,4.071503,-6.441950) at t=0.001869
err=
[ -2187410921496.159180, -647374054460857.625000, -102326090101.960373 ] 
[ -647374054460857.625000, -191591511787666208.000000, -30283343653254.871094 ] 
[ -102326090101.960373, -30283343653254.871094, -4785946089.131269 ] 
vertexline variance is negative: -153070891968.424469
ref-point=(0.649910,4.070410,-6.440375)
pos=(0.649751,4.069516,-6.438800) at t=-0.001869
err=
[ -2187410921496.159180, -647374054460857.625000, -102326090101.960373 ] 
[ -647374054460857.625000, -191591511787666208.000000, -30283343653254.871094 ] 
[ -102326090101.960373, -30283343653254.871094, -4785946089.131269 ] 
vertexline variance is negative: -19335960851867.808594
ref-point=(0.649910,4.070410,-6.440375)
pos=(0.651497,4.080453,-6.456137) at t=0.018704
err=
[ -2187410921496.159180, -647374054460857.625000, -102326090101.960373 ] 
[ -647374054460857.625000, -191591511787666208.000000, -30283343653254.871094 ] 
[ -102326090101.960373, -30283343653254.871094, -4785946089.131269 ] 
vertexline variance is negative: -18521159910835.273438
ref-point=(0.649910,4.070410,-6.440375)
pos=(0.648324,4.060580,-6.424635) at t=-0.018677
err=
[ -2187410921496.159180, -647374054460857.625000, -102326090101.960373 ] 
[ -647374054460857.625000, -191591511787666208.000000, -30283343653254.871094 ] 
[ -102326090101.960373, -30283343653254.871094, -4785946089.131269 ] 
vertexline variance is negative: -1923118925222136.750000
ref-point=(0.649910,4.070410,-6.440375)
pos=(0.665886,4.170569,-6.598989) at t=0.188216
err=
[ -2187410921496.159180, -647374054460857.625000, -102326090101.960373 ] 
[ -647374054460857.625000, -191591511787666208.000000, -30283343653254.871094 ] 
[ -102326090101.960373, -30283343653254.871094, -4785946089.131269 ] 
vertexline variance is negative: -1862397534866147.000000
ref-point=(0.649910,4.070410,-6.440375)
pos=(0.634156,3.971845,-6.283971) at t=-0.185594
err=
[ -2187410921496.159180, -647374054460857.625000, -102326090101.960373 ] 
[ -647374054460857.625000, -191591511787666208.000000, -30283343653254.871094 ] 
[ -102326090101.960373, -30283343653254.871094, -4785946089.131269 ] 
vertexline variance is negative: -216784254682434592.000000
ref-point=(0.649910,4.070410,-6.440375)
pos=(0.819685,5.133819,-8.125934) at t=2.000140
err=
[ -2187410921496.159180, -647374054460857.625000, -102326090101.960373 ] 
[ -647374054460857.625000, -191591511787666208.000000, -30283343653254.871094 ] 
[ -102326090101.960373, -30283343653254.871094, -4785946089.131269 ] 
vertexline variance is negative: -163604349497636608.000000
ref-point=(0.649910,4.070410,-6.440375)
pos=(0.502392,3.146597,-4.975788) at t=-1.737928
err=
[ -2187410921496.159180, -647374054460857.625000, -102326090101.960373 ] 
[ -647374054460857.625000, -191591511787666208.000000, -30283343653254.871094 ] 
[ -102326090101.960373, -30283343653254.871094, -4785946089.131269 ] 
vertexline variance is negative: -54715861269223694336.000000
ref-point=(0.649910,4.070410,-6.440375)
pos=(3.347370,20.964819,-33.221261) at t=31.779079
err=
[ -2187410921496.159180, -647374054460857.625000, -102326090101.960373 ] 
[ -647374054460857.625000, -191591511787666208.000000, -30283343653254.871094 ] 
[ -102326090101.960373, -30283343653254.871094, -4785946089.131269 ] 
vertexline variance is negative: -1680300563343858432.000000
ref-point=(0.649910,4.070410,-6.440375)
pos=(0.177184,1.109809,-1.747067) at t=-5.569233
err=
[ -2187410921496.159180, -647374054460857.625000, -102326090101.960373 ] 
[ -647374054460857.625000, -191591511787666208.000000, -30283343653254.871094 ] 
[ -102326090101.960373, -30283343653254.871094, -4785946089.131269 ] 
vertexline variance is negative: -1915916897.781793
ref-point=(0.649910,4.070410,-6.440375)
pos=(0.649910,4.070510,-6.440375) at t=0.000000
err=
[ -2187410921496.159180, -647374054460857.625000, -102326090101.960373 ] 
[ -647374054460857.625000, -191591511787666208.000000, -30283343653254.871094 ] 
[ -102326090101.960373, -30283343653254.871094, -4785946089.131269 ] 
vertexline variance is negative: -47.578538
ref-point=(0.649910,4.070510,-6.440275)
pos=(0.649910,4.070510,-6.440375) at t=0.000000
err=
[ -2187410921496.159180, -647374054460857.625000, -102326090101.960373 ] 
[ -647374054460857.625000, -191591511787666208.000000, -30283343653254.871094 ] 
[ -102326090101.960373, -30283343653254.871094, -4785946089.131269 ] 
vertexline variance is negative: -189284231067.309570
ref-point=(0.649910,4.070510,-6.440275)
pos=(0.650068,4.071503,-6.441950) at t=0.001869
err=
[ -2187410921496.159180, -647374054460857.625000, -102326090101.960373 ] 
[ -647374054460857.625000, -191591511787666208.000000, -30283343653254.871094 ] 
[ -102326090101.960373, -30283343653254.871094, -4785946089.131269 ] 
vertexline variance is negative: -189243130766.501892
ref-point=(0.649910,4.070510,-6.440275)
pos=(0.649751,4.069516,-6.438800) at t=-0.001869
err=
[ -2187410921496.159180, -647374054460857.625000, -102326090101.960373 ] 
[ -647374054460857.625000, -191591511787666208.000000, -30283343653254.871094 ] 
[ -102326090101.960373, -30283343653254.871094, -4785946089.131269 ] 
vertexline variance is negative: -47.578538
ref-point=(0.649910,4.070510,-6.440275)
pos=(0.649910,4.070510,-6.440375) at t=0.000000
err=
[ -2187410921496.159180, -647374054460857.625000, -102326090101.960373 ] 
[ -647374054460857.625000, -191591511787666208.000000, -30283343653254.871094 ] 
[ -102326090101.960373, -30283343653254.871094, -4785946089.131269 ] 
vertexline variance is negative: -189284231067.309570
ref-point=(0.649910,4.070510,-6.440275)
pos=(0.650068,4.071503,-6.441950) at t=0.001869
err=
[ -2187410921496.159180, -647374054460857.625000, -102326090101.960373 ] 
[ -647374054460857.625000, -191591511787666208.000000, -30283343653254.871094 ] 
[ -102326090101.960373, -30283343653254.871094, -4785946089.131269 ] 
vertexline variance is negative: -189243130766.501892
ref-point=(0.649910,4.070510,-6.440275)
pos=(0.649751,4.069516,-6.438800) at t=-0.001869
err=
[ -2187410921496.159180, -647374054460857.625000, -102326090101.960373 ] 
[ -647374054460857.625000, -191591511787666208.000000, -30283343653254.871094 ] 
[ -102326090101.960373, -30283343653254.871094, -4785946089.131269 ] 
vertexline variance is negative: -18952869467368.222656
ref-point=(0.649910,4.070510,-6.440275)
pos=(0.651497,4.080453,-6.456137) at t=0.018704
err=
[ -2187410921496.159180, -647374054460857.625000, -102326090101.960373 ] 
[ -647374054460857.625000, -191591511787666208.000000, -30283343653254.871094 ] 
[ -102326090101.960373, -30283343653254.871094, -4785946089.131269 ] 
vertexline variance is negative: -18899885077078.992188
ref-point=(0.649910,4.070510,-6.440275)
pos=(0.648324,4.060580,-6.424635) at t=-0.018677
err=
[ -2187410921496.159180, -647374054460857.625000, -102326090101.960373 ] 
[ -647374054460857.625000, -191591511787666208.000000, -30283343653254.871094 ] 
[ -102326090101.960373, -30283343653254.871094, -4785946089.131269 ] 
vertexline variance is negative: -1919281207654221.250000
ref-point=(0.649910,4.070510,-6.440275)
pos=(0.665886,4.170569,-6.598989) at t=0.188216
err=
[ -2187410921496.159180, -647374054460857.625000, -102326090101.960373 ] 
[ -647374054460857.625000, -191591511787666208.000000, -30283343653254.871094 ] 
[ -102326090101.960373, -30283343653254.871094, -4785946089.131269 ] 
vertexline variance is negative: -1866177982146025.750000
ref-point=(0.649910,4.070510,-6.440275)
pos=(0.634156,3.971845,-6.283971) at t=-0.185594
err=
[ -2187410921496.159180, -647374054460857.625000, -102326090101.960373 ] 
[ -647374054460857.625000, -191591511787666208.000000, -30283343653254.871094 ] 
[ -102326090101.960373, -30283343653254.871094, -4785946089.131269 ] 
vertexline variance is negative: -216743490360949376.000000
ref-point=(0.649910,4.070510,-6.440275)
pos=(0.819685,5.133819,-8.125934) at t=2.000140
err=
[ -2187410921496.159180, -647374054460857.625000, -102326090101.960373 ] 
[ -647374054460857.625000, -191591511787666208.000000, -30283343653254.871094 ] 
[ -102326090101.960373, -30283343653254.871094, -4785946089.131269 ] 
vertexline variance is negative: -163639766164989632.000000
ref-point=(0.649910,4.070510,-6.440275)
pos=(0.502392,3.146597,-4.975788) at t=-1.737928
err=
[ -2187410921496.159180, -647374054460857.625000, -102326090101.960373 ] 
[ -647374054460857.625000, -191591511787666208.000000, -30283343653254.871094 ] 
[ -102326090101.960373, -30283343653254.871094, -4785946089.131269 ] 
vertexline variance is negative: -54715213616639729664.000000
ref-point=(0.649910,4.070510,-6.440275)
pos=(3.347370,20.964819,-33.221261) at t=31.779079
err=
[ -2187410921496.159180, -647374054460857.625000, -102326090101.960373 ] 
[ -647374054460857.625000, -191591511787666208.000000, -30283343653254.871094 ] 
[ -102326090101.960373, -30283343653254.871094, -4785946089.131269 ] 
vertexline variance is negative: -1680414061181623552.000000
ref-point=(0.649910,4.070510,-6.440275)
pos=(0.177184,1.109809,-1.747067) at t=-5.569233
err=
[ -2187410921496.159180, -647374054460857.625000, -102326090101.960373 ] 
[ -647374054460857.625000, -191591511787666208.000000, -30283343653254.871094 ] 
[ -102326090101.960373, -30283343653254.871094, -4785946089.131269 ] 
vertexline variance is negative: -47.578538
ref-point=(0.649910,4.070510,-6.440275)
pos=(0.649910,4.070510,-6.440375) at t=0.000000
err=
[ -2187410921496.159180, -647374054460857.625000, -102326090101.960373 ] 
[ -647374054460857.625000, -191591511787666208.000000, -30283343653254.871094 ] 
[ -102326090101.960373, -30283343653254.871094, -4785946089.131269 ] 
vertexline variance is negative: -48.141211
ref-point=(0.649910,4.070510,-6.440475)
pos=(0.649910,4.070510,-6.440375) at t=0.000000
err=
[ -2187410921496.159180, -647374054460857.625000, -102326090101.960373 ] 
[ -647374054460857.625000, -191591511787666208.000000, -30283343653254.871094 ] 
[ -102326090101.960373, -30283343653254.871094, -4785946089.131269 ] 
vertexline variance is negative: -189296271437.108246
ref-point=(0.649910,4.070510,-6.440475)
pos=(0.650068,4.071503,-6.441950) at t=0.001869
err=
[ -2187410921496.159180, -647374054460857.625000, -102326090101.960373 ] 
[ -647374054460857.625000, -191591511787666208.000000, -30283343653254.871094 ] 
[ -102326090101.960373, -30283343653254.871094, -4785946089.131269 ] 
vertexline variance is negative: -189231092086.880310
ref-point=(0.649910,4.070510,-6.440475)
pos=(0.649751,4.069516,-6.438800) at t=-0.001869
err=
[ -2187410921496.159180, -647374054460857.625000, -102326090101.960373 ] 
[ -647374054460857.625000, -191591511787666208.000000, -30283343653254.871094 ] 
[ -102326090101.960373, -30283343653254.871094, -4785946089.131269 ] 
vertexline variance is negative: -48.141211
ref-point=(0.649910,4.070510,-6.440475)
pos=(0.649910,4.070510,-6.440375) at t=0.000000
err=
[ -2187410921496.159180, -647374054460857.625000, -102326090101.960373 ] 
[ -647374054460857.625000, -191591511787666208.000000, -30283343653254.871094 ] 
[ -102326090101.960373, -30283343653254.871094, -4785946089.131269 ] 
vertexline variance is negative: -189296271437.108246
ref-point=(0.649910,4.070510,-6.440475)
pos=(0.650068,4.071503,-6.441950) at t=0.001869
err=
[ -2187410921496.159180, -647374054460857.625000, -102326090101.960373 ] 
[ -647374054460857.625000, -191591511787666208.000000, -30283343653254.871094 ] 
[ -102326090101.960373, -30283343653254.871094, -4785946089.131269 ] 
vertexline variance is negative: -189231092086.880310
ref-point=(0.649910,4.070510,-6.440475)
pos=(0.649751,4.069516,-6.438800) at t=-0.001869
err=
[ -2187410921496.159180, -647374054460857.625000, -102326090101.960373 ] 
[ -647374054460857.625000, -191591511787666208.000000, -30283343653254.871094 ] 
[ -102326090101.960373, -30283343653254.871094, -4785946089.131269 ] 
vertexline variance is negative: -18952989947068.343750
ref-point=(0.649910,4.070510,-6.440475)
pos=(0.651497,4.080453,-6.456137) at t=0.018704
err=
[ -2187410921496.159180, -647374054460857.625000, -102326090101.960373 ] 
[ -647374054460857.625000, -191591511787666208.000000, -30283343653254.871094 ] 
[ -102326090101.960373, -30283343653254.871094, -4785946089.131269 ] 
vertexline variance is negative: -18899764766285.125000
ref-point=(0.649910,4.070510,-6.440475)
pos=(0.648324,4.060580,-6.424635) at t=-0.018677
err=
[ -2187410921496.159180, -647374054460857.625000, -102326090101.960373 ] 
[ -647374054460857.625000, -191591511787666208.000000, -30283343653254.871094 ] 
[ -102326090101.960373, -30283343653254.871094, -4785946089.131269 ] 
vertexline variance is negative: -1919282420051843.750000
ref-point=(0.649910,4.070510,-6.440475)
pos=(0.665886,4.170569,-6.598989) at t=0.188216
err=
[ -2187410921496.159180, -647374054460857.625000, -102326090101.960373 ] 
[ -647374054460857.625000, -191591511787666208.000000, -30283343653254.871094 ] 
[ -102326090101.960373, -30283343653254.871094, -4785946089.131269 ] 
vertexline variance is negative: -1866176786638916.750000
ref-point=(0.649910,4.070510,-6.440475)
pos=(0.634156,3.971845,-6.283971) at t=-0.185594
err=
[ -2187410921496.159180, -647374054460857.625000, -102326090101.960373 ] 
[ -647374054460857.625000, -191591511787666208.000000, -30283343653254.871094 ] 
[ -102326090101.960373, -30283343653254.871094, -4785946089.131269 ] 
vertexline variance is negative: -216743503244890752.000000
ref-point=(0.649910,4.070510,-6.440475)
pos=(0.819685,5.133819,-8.125934) at t=2.000140
err=
[ -2187410921496.159180, -647374054460857.625000, -102326090101.960373 ] 
[ -647374054460857.625000, -191591511787666208.000000, -30283343653254.871094 ] 
[ -102326090101.960373, -30283343653254.871094, -4785946089.131269 ] 
vertexline variance is negative: -163639754970092160.000000
ref-point=(0.649910,4.070510,-6.440475)
pos=(0.502392,3.146597,-4.975788) at t=-1.737928
err=
[ -2187410921496.159180, -647374054460857.625000, -102326090101.960373 ] 
[ -647374054460857.625000, -191591511787666208.000000, -30283343653254.871094 ] 
[ -102326090101.960373, -30283343653254.871094, -4785946089.131269 ] 
vertexline variance is negative: -54715213821345349632.000000
ref-point=(0.649910,4.070510,-6.440475)
pos=(3.347370,20.964819,-33.221261) at t=31.779079
err=
[ -2187410921496.159180, -647374054460857.625000, -102326090101.960373 ] 
[ -647374054460857.625000, -191591511787666208.000000, -30283343653254.871094 ] 
[ -102326090101.960373, -30283343653254.871094, -4785946089.131269 ] 
vertexline variance is negative: -1680414025307289088.000000
ref-point=(0.649910,4.070510,-6.440475)
