Error in <TSystem::ExpandFileName>: input: $HOME/.root.mimes, output: $HOME/.root.mimes
Info in <TGeoManager::TGeoManager>: Geometry default, Detector Geometry created
Info in <TGeoManager::SetTopVolume>: Top volume is world_volume. Master volume is world_volume
Info in <TGeoNavigator::BuildCache>: --- Maximum geometry depth set to 100
++++++++++++++++++++++++++++++++++++++++++++++++++++++++++++++++++++++++++++++++++++++++++++++++++++++++++++++++++++++++++++++
++  The usage of the factory: "Beampipe_o1_v01" is DEPRECATED due to naming conventions.                                    ++
++  Please use "DD4hep_Beampipe_o1_v01" instead.                                                                            ++
++++++++++++++++++++++++++++++++++++++++++++++++++++++++++++++++++++++++++++++++++++++++++++++++++++++++++++++++++++++++++++++
Info in <TGeoManager::CheckGeometry>: Fixing runtime shapes...
Info in <TGeoManager::CheckGeometry>: ...Nothing to fix
Info in <TGeoManager::CloseGeometry>: Counting nodes...
Info in <TGeoManager::Voxelize>: Voxelizing...
Info in <TGeoManager::CloseGeometry>: Building cache...
Info in <TGeoManager::CountLevels>: max level = 5, max placements = 1044
Info in <TGeoManager::CloseGeometry>: 411734 nodes/ 5904 volume UID's in Detector Geometry
Info in <TGeoManager::CloseGeometry>: ----------------modeler ready----------------
vertexline variance is negative: -0.000076
ref-point=(-3.849151,-22.568852,-12.232521)
pos=(-3.849151,-22.568852,-12.232521) at t=-0.000000
err=
[ -20557050132711.921875, 1047026621120640.000000, -2807446187.592542 ] 
[ 1047026621120640.000000, -11726075762104002.000000, 21803095316.418591 ] 
[ -2807446187.592542, 21803095316.418591, 65134285393402.351562 ] 
vertexline variance is negative: -104707067566.897690
ref-point=(-3.849151,-22.568852,-12.232521)
pos=(-3.849669,-22.571890,-12.234211) at t=0.003514
err=
[ -20557050132711.921875, 1047026621120640.000000, -2807446187.592542 ] 
[ 1047026621120640.000000, -11726075762104002.000000, 21803095316.418591 ] 
[ -2807446187.592542, 21803095316.418591, 65134285393402.351562 ] 
vertexline variance is negative: -104692441587.409378
ref-point=(-3.849151,-22.568852,-12.232521)
pos=(-3.848633,-22.565815,-12.230831) at t=-0.003514
err=
[ -20557050132711.921875, 1047026621120640.000000, -2807446187.592542 ] 
[ 1047026621120640.000000, -11726075762104002.000000, 21803095316.418591 ] 
[ -2807446187.592542, 21803095316.418591, 65134285393402.351562 ] 
vertexline variance is negative: -0.000076
ref-point=(-3.849151,-22.568852,-12.232521)
pos=(-3.849151,-22.568852,-12.232521) at t=-0.000000
err=
[ -20557050132711.921875, 1047026621120640.000000, -2807446187.592542 ] 
[ 1047026621120640.000000, -11726075762104002.000000, 21803095316.418591 ] 
[ -2807446187.592542, 21803095316.418591, 65134285393402.351562 ] 
vertexline variance is negative: -104707067566.897690
ref-point=(-3.849151,-22.568852,-12.232521)
pos=(-3.849669,-22.571890,-12.234211) at t=0.003514
err=
[ -20557050132711.921875, 1047026621120640.000000, -2807446187.592542 ] 
[ 1047026621120640.000000, -11726075762104002.000000, 21803095316.418591 ] 
[ -2807446187.592542, 21803095316.418591, 65134285393402.351562 ] 
vertexline variance is negative: -104692441587.409378
ref-point=(-3.849151,-22.568852,-12.232521)
pos=(-3.848633,-22.565815,-12.230831) at t=-0.003514
err=
[ -20557050132711.921875, 1047026621120640.000000, -2807446187.592542 ] 
[ 1047026621120640.000000, -11726075762104002.000000, 21803095316.418591 ] 
[ -2807446187.592542, 21803095316.418591, 65134285393402.351562 ] 
vertexline variance is negative: -10477284115176.871094
ref-point=(-3.849151,-22.568852,-12.232521)
pos=(-3.854333,-22.599236,-12.249426) at t=0.035154
err=
[ -20557050132711.921875, 1047026621120640.000000, -2807446187.592542 ] 
[ 1047026621120640.000000, -11726075762104002.000000, 21803095316.418591 ] 
[ -2807446187.592542, 21803095316.418591, 65134285393402.351562 ] 
vertexline variance is negative: -10462669290632.396484
ref-point=(-3.849151,-22.568852,-12.232521)
pos=(-3.843973,-22.538490,-12.215627) at t=-0.035130
err=
[ -20557050132711.921875, 1047026621120640.000000, -2807446187.592542 ] 
[ 1047026621120640.000000, -11726075762104002.000000, 21803095316.418591 ] 
[ -2807446187.592542, 21803095316.418591, 65134285393402.351562 ] 
vertexline variance is negative: -1054317478518169.125000
ref-point=(-3.849151,-22.568852,-12.232521)
pos=(-3.901134,-22.873642,-12.402108) at t=0.352646
err=
[ -20557050132711.921875, 1047026621120640.000000, -2807446187.592542 ] 
[ 1047026621120640.000000, -11726075762104002.000000, 21803095316.418591 ] 
[ -2807446187.592542, 21803095316.418591, 65134285393402.351562 ] 
vertexline variance is negative: -1039702767514485.625000
ref-point=(-3.849151,-22.568852,-12.232521)
pos=(-3.797530,-22.266183,-12.064113) at t=-0.350193
err=
[ -20557050132711.921875, 1047026621120640.000000, -2807446187.592542 ] 
[ 1047026621120640.000000, -11726075762104002.000000, 21803095316.418591 ] 
[ -2807446187.592542, 21803095316.418591, 65134285393402.351562 ] 
vertexline variance is negative: -112132804520725344.000000
ref-point=(-3.849151,-22.568852,-12.232521)
pos=(-4.385241,-25.712118,-13.981458) at t=3.636797
err=
[ -20557050132711.921875, 1047026621120640.000000, -2807446187.592542 ] 
[ 1047026621120640.000000, -11726075762104002.000000, 21803095316.418591 ] 
[ -2807446187.592542, 21803095316.418591, 65134285393402.351562 ] 
vertexline variance is negative: -97518272509968528.000000
ref-point=(-3.849151,-22.568852,-12.232521)
pos=(-3.349216,-19.637570,-10.601532) at t=-3.391530
err=
[ -20557050132711.921875, 1047026621120640.000000, -2807446187.592542 ] 
[ 1047026621120640.000000, -11726075762104002.000000, 21803095316.418591 ] 
[ -2807446187.592542, 21803095316.418591, 65134285393402.351562 ] 
vertexline variance is negative: -19025169448522690560.000000
ref-point=(-3.849151,-22.568852,-12.232521)
pos=(-10.832039,-63.511785,-35.013492) at t=47.371480
err=
[ -20557050132711.921875, 1047026621120640.000000, -2807446187.592542 ] 
[ 1047026621120640.000000, -11726075762104002.000000, 21803095316.418591 ] 
[ -2807446187.592542, 21803095316.418591, 65134285393402.351562 ] 
vertexline variance is negative: -4428416634091384832.000000
ref-point=(-3.849151,-22.568852,-12.232521)
pos=(-0.480197,-2.815586,-1.241647) at t=-22.854774
err=
[ -20557050132711.921875, 1047026621120640.000000, -2807446187.592542 ] 
[ 1047026621120640.000000, -11726075762104002.000000, 21803095316.418591 ] 
[ -2807446187.592542, 21803095316.418591, 65134285393402.351562 ] 
vertexline variance is negative: -0.000076
ref-point=(-3.849151,-22.568852,-12.232521)
pos=(-3.849151,-22.568852,-12.232521) at t=-0.000000
err=
[ -20557050132711.921875, 1047026621120640.000000, -2807446187.592542 ] 
[ 1047026621120640.000000, -11726075762104002.000000, 21803095316.418591 ] 
[ -2807446187.592542, 21803095316.418591, 65134285393402.351562 ] 
vertexline variance is negative: -205553.437538
ref-point=(-3.849051,-22.568852,-12.232521)
pos=(-3.849151,-22.568852,-12.232521) at t=-0.000000
err=
[ -20557050132711.921875, 1047026621120640.000000, -2807446187.592542 ] 
[ 1047026621120640.000000, -11726075762104002.000000, 21803095316.418591 ] 
[ -2807446187.592542, 21803095316.418591, 65134285393402.351562 ] 
vertexline variance is negative: -104073355191.602478
ref-point=(-3.849051,-22.568852,-12.232521)
pos=(-3.849669,-22.571890,-12.234211) at t=0.003514
err=
[ -20557050132711.921875, 1047026621120640.000000, -2807446187.592542 ] 
[ 1047026621120640.000000, -11726075762104002.000000, 21803095316.418591 ] 
[ -2807446187.592542, 21803095316.418591, 65134285393402.351562 ] 
vertexline variance is negative: -105326520827.812088
ref-point=(-3.849051,-22.568852,-12.232521)
pos=(-3.848633,-22.565815,-12.230831) at t=-0.003514
err=
[ -20557050132711.921875, 1047026621120640.000000, -2807446187.592542 ] 
[ 1047026621120640.000000, -11726075762104002.000000, 21803095316.418591 ] 
[ -2807446187.592542, 21803095316.418591, 65134285393402.351562 ] 
vertexline variance is negative: -205553.437538
ref-point=(-3.849051,-22.568852,-12.232521)
pos=(-3.849151,-22.568852,-12.232521) at t=-0.000000
err=
[ -20557050132711.921875, 1047026621120640.000000, -2807446187.592542 ] 
[ 1047026621120640.000000, -11726075762104002.000000, 21803095316.418591 ] 
[ -2807446187.592542, 21803095316.418591, 65134285393402.351562 ] 
vertexline variance is negative: -104073355191.602478
ref-point=(-3.849051,-22.568852,-12.232521)
pos=(-3.849669,-22.571890,-12.234211) at t=0.003514
err=
[ -20557050132711.921875, 1047026621120640.000000, -2807446187.592542 ] 
[ 1047026621120640.000000, -11726075762104002.000000, 21803095316.418591 ] 
[ -2807446187.592542, 21803095316.418591, 65134285393402.351562 ] 
vertexline variance is negative: -105326520827.812088
ref-point=(-3.849051,-22.568852,-12.232521)
pos=(-3.848633,-22.565815,-12.230831) at t=-0.003514
err=
[ -20557050132711.921875, 1047026621120640.000000, -2807446187.592542 ] 
[ 1047026621120640.000000, -11726075762104002.000000, 21803095316.418591 ] 
[ -2807446187.592542, 21803095316.418591, 65134285393402.351562 ] 
vertexline variance is negative: -10470943150568.564453
ref-point=(-3.849051,-22.568852,-12.232521)
pos=(-3.854333,-22.599236,-12.249426) at t=0.035154
err=
[ -20557050132711.921875, 1047026621120640.000000, -2807446187.592542 ] 
[ 1047026621120640.000000, -11726075762104002.000000, 21803095316.418591 ] 
[ -2807446187.592542, 21803095316.418591, 65134285393402.351562 ] 
vertexline variance is negative: -10469006242170.734375
ref-point=(-3.849051,-22.568852,-12.232521)
pos=(-3.843973,-22.538490,-12.215627) at t=-0.035130
err=
[ -20557050132711.921875, 1047026621120640.000000, -2807446187.592542 ] 
[ 1047026621120640.000000, -11726075762104002.000000, 21803095316.418591 ] 
[ -2807446187.592542, 21803095316.418591, 65134285393402.351562 ] 
vertexline variance is negative: -1054253867939302.625000
ref-point=(-3.849051,-22.568852,-12.232521)
pos=(-3.901134,-22.873642,-12.402108) at t=0.352646
err=
[ -20557050132711.921875, 1047026621120640.000000, -2807446187.592542 ] 
[ 1047026621120640.000000, -11726075762104002.000000, 21803095316.418591 ] 
[ -2807446187.592542, 21803095316.418591, 65134285393402.351562 ] 
vertexline variance is negative: -1039765936086798.625000
ref-point=(-3.849051,-22.568852,-12.232521)
pos=(-3.797530,-22.266183,-12.064113) at t=-0.350193
err=
[ -20557050132711.921875, 1047026621120640.000000, -2807446187.592542 ] 
[ 1047026621120640.000000, -11726075762104002.000000, 21803095316.418591 ] 
[ -2807446187.592542, 21803095316.418591, 65134285393402.351562 ] 
vertexline variance is negative: -112132148509525280.000000
ref-point=(-3.849051,-22.568852,-12.232521)
pos=(-4.385241,-25.712118,-13.981458) at t=3.636797
err=
[ -20557050132711.921875, 1047026621120640.000000, -2807446187.592542 ] 
[ 1047026621120640.000000, -11726075762104002.000000, 21803095316.418591 ] 
[ -2807446187.592542, 21803095316.418591, 65134285393402.351562 ] 
vertexline variance is negative: -97518884279993152.000000
ref-point=(-3.849051,-22.568852,-12.232521)
pos=(-3.349216,-19.637570,-10.601532) at t=-3.391530
err=
[ -20557050132711.921875, 1047026621120640.000000, -2807446187.592542 ] 
[ 1047026621120640.000000, -11726075762104002.000000, 21803095316.418591 ] 
[ -2807446187.592542, 21803095316.418591, 65134285393402.351562 ] 
vertexline variance is negative: -19025160903577055232.000000
ref-point=(-3.849051,-22.568852,-12.232521)
pos=(-10.832039,-63.511785,-35.013492) at t=47.371480
err=
[ -20557050132711.921875, 1047026621120640.000000, -2807446187.592542 ] 
[ 1047026621120640.000000, -11726075762104002.000000, 21803095316.418591 ] 
[ -2807446187.592542, 21803095316.418591, 65134285393402.351562 ] 
vertexline variance is negative: -4428420756673420288.000000
ref-point=(-3.849051,-22.568852,-12.232521)
pos=(-0.480197,-2.815586,-1.241647) at t=-22.854774
err=
[ -20557050132711.921875, 1047026621120640.000000, -2807446187.592542 ] 
[ 1047026621120640.000000, -11726075762104002.000000, 21803095316.418591 ] 
[ -2807446187.592542, 21803095316.418591, 65134285393402.351562 ] 
vertexline variance is negative: -205553.437538
ref-point=(-3.849051,-22.568852,-12.232521)
pos=(-3.849151,-22.568852,-12.232521) at t=-0.000000
err=
[ -20557050132711.921875, 1047026621120640.000000, -2807446187.592542 ] 
[ 1047026621120640.000000, -11726075762104002.000000, 21803095316.418591 ] 
[ -2807446187.592542, 21803095316.418591, 65134285393402.351562 ] 
vertexline variance is negative: -205587.565270
ref-point=(-3.849251,-22.568852,-12.232521)
pos=(-3.849151,-22.568852,-12.232521) at t=-0.000000
err=
[ -20557050132711.921875, 1047026621120640.000000, -2807446187.592542 ] 
[ 1047026621120640.000000, -11726075762104002.000000, 21803095316.418591 ] 
[ -2807446187.592542, 21803095316.418591, 65134285393402.351562 ] 
vertexline variance is negative: -105341191083.195557
ref-point=(-3.849251,-22.568852,-12.232521)
pos=(-3.849669,-22.571890,-12.234211) at t=0.003514
err=
[ -20557050132711.921875, 1047026621120640.000000, -2807446187.592542 ] 
[ 1047026621120640.000000, -11726075762104002.000000, 21803095316.418591 ] 
[ -2807446187.592542, 21803095316.418591, 65134285393402.351562 ] 
vertexline variance is negative: -104058773488.009323
ref-point=(-3.849251,-22.568852,-12.232521)
pos=(-3.848633,-22.565815,-12.230831) at t=-0.003514
err=
[ -20557050132711.921875, 1047026621120640.000000, -2807446187.592542 ] 
[ 1047026621120640.000000, -11726075762104002.000000, 21803095316.418591 ] 
[ -2807446187.592542, 21803095316.418591, 65134285393402.351562 ] 
vertexline variance is negative: -205587.565270
ref-point=(-3.849251,-22.568852,-12.232521)
pos=(-3.849151,-22.568852,-12.232521) at t=-0.000000
err=
[ -20557050132711.921875, 1047026621120640.000000, -2807446187.592542 ] 
[ 1047026621120640.000000, -11726075762104002.000000, 21803095316.418591 ] 
[ -2807446187.592542, 21803095316.418591, 65134285393402.351562 ] 
vertexline variance is negative: -105341191083.195557
ref-point=(-3.849251,-22.568852,-12.232521)
pos=(-3.849669,-22.571890,-12.234211) at t=0.003514
err=
[ -20557050132711.921875, 1047026621120640.000000, -2807446187.592542 ] 
[ 1047026621120640.000000, -11726075762104002.000000, 21803095316.418591 ] 
[ -2807446187.592542, 21803095316.418591, 65134285393402.351562 ] 
vertexline variance is negative: -104058773488.009323
ref-point=(-3.849251,-22.568852,-12.232521)
pos=(-3.848633,-22.565815,-12.230831) at t=-0.003514
err=
[ -20557050132711.921875, 1047026621120640.000000, -2807446187.592542 ] 
[ 1047026621120640.000000, -11726075762104002.000000, 21803095316.418591 ] 
[ -2807446187.592542, 21803095316.418591, 65134285393402.351562 ] 
vertexline variance is negative: -10483625490926.179688
ref-point=(-3.849251,-22.568852,-12.232521)
pos=(-3.854333,-22.599236,-12.249426) at t=0.035154
err=
[ -20557050132711.921875, 1047026621120640.000000, -2807446187.592542 ] 
[ 1047026621120640.000000, -11726075762104002.000000, 21803095316.418591 ] 
[ -2807446187.592542, 21803095316.418591, 65134285393402.351562 ] 
vertexline variance is negative: -10456332750235.066406
ref-point=(-3.849251,-22.568852,-12.232521)
pos=(-3.843973,-22.538490,-12.215627) at t=-0.035130
err=
[ -20557050132711.921875, 1047026621120640.000000, -2807446187.592542 ] 
[ 1047026621120640.000000, -11726075762104002.000000, 21803095316.418591 ] 
[ -2807446187.592542, 21803095316.418591, 65134285393402.351562 ] 
vertexline variance is negative: -1054381089508176.625000
ref-point=(-3.849251,-22.568852,-12.232521)
pos=(-3.901134,-22.873642,-12.402108) at t=0.352646
err=
[ -20557050132711.921875, 1047026621120640.000000, -2807446187.592542 ] 
[ 1047026621120640.000000, -11726075762104002.000000, 21803095316.418591 ] 
[ -2807446187.592542, 21803095316.418591, 65134285393402.351562 ] 
vertexline variance is negative: -1039639599353313.875000
ref-point=(-3.849251,-22.568852,-12.232521)
pos=(-3.797530,-22.266183,-12.064113) at t=-0.350193
err=
[ -20557050132711.921875, 1047026621120640.000000, -2807446187.592542 ] 
[ 1047026621120640.000000, -11726075762104002.000000, 21803095316.418591 ] 
[ -2807446187.592542, 21803095316.418591, 65134285393402.351562 ] 
vertexline variance is negative: -112133460532336560.000000
ref-point=(-3.849251,-22.568852,-12.232521)
pos=(-4.385241,-25.712118,-13.981458) at t=3.636797
err=
[ -20557050132711.921875, 1047026621120640.000000, -2807446187.592542 ] 
[ 1047026621120640.000000, -11726075762104002.000000, 21803095316.418591 ] 
[ -2807446187.592542, 21803095316.418591, 65134285393402.351562 ] 
vertexline variance is negative: -97517660740355040.000000
ref-point=(-3.849251,-22.568852,-12.232521)
pos=(-3.349216,-19.637570,-10.601532) at t=-3.391530
err=
[ -20557050132711.921875, 1047026621120640.000000, -2807446187.592542 ] 
[ 1047026621120640.000000, -11726075762104002.000000, 21803095316.418591 ] 
[ -2807446187.592542, 21803095316.418591, 65134285393402.351562 ] 
vertexline variance is negative: -19025177993468751872.000000
ref-point=(-3.849251,-22.568852,-12.232521)
pos=(-10.832039,-63.511785,-35.013492) at t=47.371480
err=
[ -20557050132711.921875, 1047026621120640.000000, -2807446187.592542 ] 
[ 1047026621120640.000000, -11726075762104002.000000, 21803095316.418591 ] 
[ -2807446187.592542, 21803095316.418591, 65134285393402.351562 ] 
vertexline variance is negative: -4428412511509760512.000000
ref-point=(-3.849251,-22.568852,-12.232521)
pos=(-0.480197,-2.815586,-1.241647) at t=-22.854774
err=
[ -20557050132711.921875, 1047026621120640.000000, -2807446187.592542 ] 
[ 1047026621120640.000000, -11726075762104002.000000, 21803095316.418591 ] 
[ -2807446187.592542, 21803095316.418591, 65134285393402.351562 ] 
vertexline variance is negative: -205587.565270
ref-point=(-3.849251,-22.568852,-12.232521)
pos=(-3.849151,-22.568852,-12.232521) at t=-0.000000
err=
[ -20557050132711.921875, 1047026621120640.000000, -2807446187.592542 ] 
[ 1047026621120640.000000, -11726075762104002.000000, 21803095316.418591 ] 
[ -2807446187.592542, 21803095316.418591, 65134285393402.351562 ] 
vertexline variance is negative: -135803975.796623
ref-point=(-3.849151,-22.568745,-12.232521)
pos=(-3.849151,-22.568852,-12.232521) at t=-0.000000
err=
[ -20557050132711.921875, 1047026621120640.000000, -2807446187.592542 ] 
[ 1047026621120640.000000, -11726075762104002.000000, 21803095316.418591 ] 
[ -2807446187.592542, 21803095316.418591, 65134285393402.351562 ] 
vertexline variance is negative: -112392053342.113892
ref-point=(-3.849151,-22.568745,-12.232521)
pos=(-3.849669,-22.571890,-12.234211) at t=0.003514
err=
[ -20557050132711.921875, 1047026621120640.000000, -2807446187.592542 ] 
[ 1047026621120640.000000, -11726075762104002.000000, 21803095316.418591 ] 
[ -2807446187.592542, 21803095316.418591, 65134285393402.351562 ] 
vertexline variance is negative: -97279590628.748016
ref-point=(-3.849151,-22.568745,-12.232521)
pos=(-3.848633,-22.565815,-12.230831) at t=-0.003514
err=
[ -20557050132711.921875, 1047026621120640.000000, -2807446187.592542 ] 
[ 1047026621120640.000000, -11726075762104002.000000, 21803095316.418591 ] 
[ -2807446187.592542, 21803095316.418591, 65134285393402.351562 ] 
vertexline variance is negative: -135803975.796623
ref-point=(-3.849151,-22.568745,-12.232521)
pos=(-3.849151,-22.568852,-12.232521) at t=-0.000000
err=
[ -20557050132711.921875, 1047026621120640.000000, -2807446187.592542 ] 
[ 1047026621120640.000000, -11726075762104002.000000, 21803095316.418591 ] 
[ -2807446187.592542, 21803095316.418591, 65134285393402.351562 ] 
vertexline variance is negative: -112392053342.113892
ref-point=(-3.849151,-22.568745,-12.232521)
pos=(-3.849669,-22.571890,-12.234211) at t=0.003514
err=
[ -20557050132711.921875, 1047026621120640.000000, -2807446187.592542 ] 
[ 1047026621120640.000000, -11726075762104002.000000, 21803095316.418591 ] 
[ -2807446187.592542, 21803095316.418591, 65134285393402.351562 ] 
vertexline variance is negative: -97279590628.748016
ref-point=(-3.849151,-22.568745,-12.232521)
pos=(-3.848633,-22.565815,-12.230831) at t=-0.003514
err=
[ -20557050132711.921875, 1047026621120640.000000, -2807446187.592542 ] 
[ 1047026621120640.000000, -11726075762104002.000000, 21803095316.418591 ] 
[ -2807446187.592542, 21803095316.418591, 65134285393402.351562 ] 
vertexline variance is negative: -10552935446009.226562
ref-point=(-3.849151,-22.568745,-12.232521)
pos=(-3.854333,-22.599236,-12.249426) at t=0.035154
err=
[ -20557050132711.921875, 1047026621120640.000000, -2807446187.592542 ] 
[ 1047026621120640.000000, -11726075762104002.000000, 21803095316.418591 ] 
[ -2807446187.592542, 21803095316.418591, 65134285393402.351562 ] 
vertexline variance is negative: -10387342254249.085938
ref-point=(-3.849151,-22.568745,-12.232521)
pos=(-3.843973,-22.538490,-12.215627) at t=-0.035130
err=
[ -20557050132711.921875, 1047026621120640.000000, -2807446187.592542 ] 
[ 1047026621120640.000000, -11726075762104002.000000, 21803095316.418591 ] 
[ -2807446187.592542, 21803095316.418591, 65134285393402.351562 ] 
vertexline variance is negative: -1055075140421698.500000
ref-point=(-3.849151,-22.568745,-12.232521)
pos=(-3.901134,-22.873642,-12.402108) at t=0.352646
err=
[ -20557050132711.921875, 1047026621120640.000000, -2807446187.592542 ] 
[ 1047026621120640.000000, -11726075762104002.000000, 21803095316.418591 ] 
[ -2807446187.592542, 21803095316.418591, 65134285393402.351562 ] 
vertexline variance is negative: -1038950645868363.625000
ref-point=(-3.849151,-22.568745,-12.232521)
pos=(-3.797530,-22.266183,-12.064113) at t=-0.350193
err=
[ -20557050132711.921875, 1047026621120640.000000, -2807446187.592542 ] 
[ 1047026621120640.000000, -11726075762104002.000000, 21803095316.418591 ] 
[ -2807446187.592542, 21803095316.418591, 65134285393402.351562 ] 
vertexline variance is negative: -112140616944428304.000000
ref-point=(-3.849151,-22.568745,-12.232521)
pos=(-4.385241,-25.712118,-13.981458) at t=3.636797
err=
[ -20557050132711.921875, 1047026621120640.000000, -2807446187.592542 ] 
[ 1047026621120640.000000, -11726075762104002.000000, 21803095316.418591 ] 
[ -2807446187.592542, 21803095316.418591, 65134285393402.351562 ] 
vertexline variance is negative: -97510987220681632.000000
ref-point=(-3.849151,-22.568745,-12.232521)
pos=(-3.349216,-19.637570,-10.601532) at t=-3.391530
err=
[ -20557050132711.921875, 1047026621120640.000000, -2807446187.592542 ] 
[ 1047026621120640.000000, -11726075762104002.000000, 21803095316.418591 ] 
[ -2807446187.592542, 21803095316.418591, 65134285393402.351562 ] 
vertexline variance is negative: -19025271208439627776.000000
ref-point=(-3.849151,-22.568745,-12.232521)
pos=(-10.832039,-63.511785,-35.013492) at t=47.371480
err=
[ -20557050132711.921875, 1047026621120640.000000, -2807446187.592542 ] 
[ 1047026621120640.000000, -11726075762104002.000000, 21803095316.418591 ] 
[ -2807446187.592542, 21803095316.418591, 65134285393402.351562 ] 
vertexline variance is negative: -4428367539354956800.000000
ref-point=(-3.849151,-22.568745,-12.232521)
pos=(-0.480197,-2.815586,-1.241647) at t=-22.854774
err=
[ -20557050132711.921875, 1047026621120640.000000, -2807446187.592542 ] 
[ 1047026621120640.000000, -11726075762104002.000000, 21803095316.418591 ] 
[ -2807446187.592542, 21803095316.418591, 65134285393402.351562 ] 
vertexline variance is negative: -135803975.796623
ref-point=(-3.849151,-22.568745,-12.232521)
pos=(-3.849151,-22.568852,-12.232521) at t=-0.000000
err=
[ -20557050132711.921875, 1047026621120640.000000, -2807446187.592542 ] 
[ 1047026621120640.000000, -11726075762104002.000000, 21803095316.418591 ] 
[ -2807446187.592542, 21803095316.418591, 65134285393402.351562 ] 
vertexline variance is negative: -135803569.585935
ref-point=(-3.849151,-22.568960,-12.232521)
pos=(-3.849151,-22.568852,-12.232521) at t=-0.000000
err=
[ -20557050132711.921875, 1047026621120640.000000, -2807446187.592542 ] 
[ 1047026621120640.000000, -11726075762104002.000000, 21803095316.418591 ] 
[ -2807446187.592542, 21803095316.418591, 65134285393402.351562 ] 
vertexline variance is negative: -97293689337.063873
ref-point=(-3.849151,-22.568960,-12.232521)
pos=(-3.849669,-22.571890,-12.234211) at t=0.003514
err=
[ -20557050132711.921875, 1047026621120640.000000, -2807446187.592542 ] 
[ 1047026621120640.000000, -11726075762104002.000000, 21803095316.418591 ] 
[ -2807446187.592542, 21803095316.418591, 65134285393402.351562 ] 
vertexline variance is negative: -112376900091.453140
ref-point=(-3.849151,-22.568960,-12.232521)
pos=(-3.848633,-22.565815,-12.230831) at t=-0.003514
err=
[ -20557050132711.921875, 1047026621120640.000000, -2807446187.592542 ] 
[ 1047026621120640.000000, -11726075762104002.000000, 21803095316.418591 ] 
[ -2807446187.592542, 21803095316.418591, 65134285393402.351562 ] 
vertexline variance is negative: -135803569.585935
ref-point=(-3.849151,-22.568960,-12.232521)
pos=(-3.849151,-22.568852,-12.232521) at t=-0.000000
err=
[ -20557050132711.921875, 1047026621120640.000000, -2807446187.592542 ] 
[ 1047026621120640.000000, -11726075762104002.000000, 21803095316.418591 ] 
[ -2807446187.592542, 21803095316.418591, 65134285393402.351562 ] 
vertexline variance is negative: -97293689337.063873
ref-point=(-3.849151,-22.568960,-12.232521)
pos=(-3.849669,-22.571890,-12.234211) at t=0.003514
err=
[ -20557050132711.921875, 1047026621120640.000000, -2807446187.592542 ] 
[ 1047026621120640.000000, -11726075762104002.000000, 21803095316.418591 ] 
[ -2807446187.592542, 21803095316.418591, 65134285393402.351562 ] 
vertexline variance is negative: -112376900091.453140
ref-point=(-3.849151,-22.568960,-12.232521)
pos=(-3.848633,-22.565815,-12.230831) at t=-0.003514
err=
[ -20557050132711.921875, 1047026621120640.000000, -2807446187.592542 ] 
[ 1047026621120640.000000, -11726075762104002.000000, 21803095316.418591 ] 
[ -2807446187.592542, 21803095316.418591, 65134285393402.351562 ] 
vertexline variance is negative: -10401904391889.896484
ref-point=(-3.849151,-22.568960,-12.232521)
pos=(-3.854333,-22.599236,-12.249426) at t=0.035154
err=
[ -20557050132711.921875, 1047026621120640.000000, -2807446187.592542 ] 
[ 1047026621120640.000000, -11726075762104002.000000, 21803095316.418591 ] 
[ -2807446187.592542, 21803095316.418591, 65134285393402.351562 ] 
vertexline variance is negative: -10538267934561.097656
ref-point=(-3.849151,-22.568960,-12.232521)
pos=(-3.843973,-22.538490,-12.215627) at t=-0.035130
err=
[ -20557050132711.921875, 1047026621120640.000000, -2807446187.592542 ] 
[ 1047026621120640.000000, -11726075762104002.000000, 21803095316.418591 ] 
[ -2807446187.592542, 21803095316.418591, 65134285393402.351562 ] 
vertexline variance is negative: -1053560088222185.250000
ref-point=(-3.849151,-22.568960,-12.232521)
pos=(-3.901134,-22.873642,-12.402108) at t=0.352646
err=
[ -20557050132711.921875, 1047026621120640.000000, -2807446187.592542 ] 
[ 1047026621120640.000000, -11726075762104002.000000, 21803095316.418591 ] 
[ -2807446187.592542, 21803095316.418591, 65134285393402.351562 ] 
vertexline variance is negative: -1040455160768153.000000
ref-point=(-3.849151,-22.568960,-12.232521)
pos=(-3.797530,-22.266183,-12.064113) at t=-0.350193
err=
[ -20557050132711.921875, 1047026621120640.000000, -2807446187.592542 ] 
[ 1047026621120640.000000, -11726075762104002.000000, 21803095316.418591 ] 
[ -2807446187.592542, 21803095316.418591, 65134285393402.351562 ] 
vertexline variance is negative: -112124992368629936.000000
ref-point=(-3.849151,-22.568960,-12.232521)
pos=(-4.385241,-25.712118,-13.981458) at t=3.636797
err=
[ -20557050132711.921875, 1047026621120640.000000, -2807446187.592542 ] 
[ 1047026621120640.000000, -11726075762104002.000000, 21803095316.418591 ] 
[ -2807446187.592542, 21803095316.418591, 65134285393402.351562 ] 
vertexline variance is negative: -97525558070862976.000000
ref-point=(-3.849151,-22.568960,-12.232521)
pos=(-3.349216,-19.637570,-10.601532) at t=-3.391530
err=
[ -20557050132711.921875, 1047026621120640.000000, -2807446187.592542 ] 
[ 1047026621120640.000000, -11726075762104002.000000, 21803095316.418591 ] 
[ -2807446187.592542, 21803095316.418591, 65134285393402.351562 ] 
vertexline variance is negative: -19025067688877371392.000000
ref-point=(-3.849151,-22.568960,-12.232521)
pos=(-10.832039,-63.511785,-35.013492) at t=47.371480
err=
[ -20557050132711.921875, 1047026621120640.000000, -2807446187.592542 ] 
[ 1047026621120640.000000, -11726075762104002.000000, 21803095316.418591 ] 
[ -2807446187.592542, 21803095316.418591, 65134285393402.351562 ] 
vertexline variance is negative: -4428465729099420672.000000
ref-point=(-3.849151,-22.568960,-12.232521)
pos=(-0.480197,-2.815586,-1.241647) at t=-22.854774
err=
[ -20557050132711.921875, 1047026621120640.000000, -2807446187.592542 ] 
[ 1047026621120640.000000, -11726075762104002.000000, 21803095316.418591 ] 
[ -2807446187.592542, 21803095316.418591, 65134285393402.351562 ] 
vertexline variance is negative: -135803569.585935
ref-point=(-3.849151,-22.568960,-12.232521)
pos=(-3.849151,-22.568852,-12.232521) at t=-0.000000
err=
[ -20557050132711.921875, 1047026621120640.000000, -2807446187.592542 ] 
[ 1047026621120640.000000, -11726075762104002.000000, 21803095316.418591 ] 
[ -2807446187.592542, 21803095316.418591, 65134285393402.351562 ] 
vertexline variance is negative: -1044151174.900360
ref-point=(-3.849151,-22.568852,-12.232421)
pos=(-3.849203,-22.569156,-12.232690) at t=0.000351
err=
[ -20557050132711.921875, 1047026621120640.000000, -2807446187.592542 ] 
[ 1047026621120640.000000, -11726075762104002.000000, 21803095316.418591 ] 
[ -2807446187.592542, 21803095316.418591, 65134285393402.351562 ] 
vertexline variance is negative: -1048541042.737669
ref-point=(-3.849151,-22.568852,-12.232421)
pos=(-3.849099,-22.568549,-12.232352) at t=-0.000351
err=
[ -20557050132711.921875, 1047026621120640.000000, -2807446187.592542 ] 
[ 1047026621120640.000000, -11726075762104002.000000, 21803095316.418591 ] 
[ -2807446187.592542, 21803095316.418591, 65134285393402.351562 ] 
vertexline variance is negative: -1044151261.026887
ref-point=(-3.849151,-22.568852,-12.232421)
pos=(-3.849203,-22.569156,-12.232690) at t=0.000351
err=
[ -20557050132711.921875, 1047026621120640.000000, -2807446187.592542 ] 
[ 1047026621120640.000000, -11726075762104002.000000, 21803095316.418591 ] 
[ -2807446187.592542, 21803095316.418591, 65134285393402.351562 ] 
vertexline variance is negative: -1048541125.734745
ref-point=(-3.849151,-22.568852,-12.232421)
pos=(-3.849099,-22.568549,-12.232352) at t=-0.000351
err=
[ -20557050132711.921875, 1047026621120640.000000, -2807446187.592542 ] 
[ 1047026621120640.000000, -11726075762104002.000000, 21803095316.418591 ] 
[ -2807446187.592542, 21803095316.418591, 65134285393402.351562 ] 
vertexline variance is negative: -1043920792.229474
ref-point=(-3.849151,-22.568852,-12.232421)
pos=(-3.849203,-22.569156,-12.232690) at t=0.000351
err=
[ -20557050132711.921875, 1047026621120640.000000, -2807446187.592542 ] 
[ 1047026621120640.000000, -11726075762104002.000000, 21803095316.418591 ] 
[ -2807446187.592542, 21803095316.418591, 65134285393402.351562 ] 
vertexline variance is negative: -1048771931.011057
ref-point=(-3.849151,-22.568852,-12.232421)
pos=(-3.849099,-22.568549,-12.232352) at t=-0.000351
err=
[ -20557050132711.921875, 1047026621120640.000000, -2807446187.592542 ] 
[ 1047026621120640.000000, -11726075762104002.000000, 21803095316.418591 ] 
[ -2807446187.592542, 21803095316.418591, 65134285393402.351562 ] 
vertexline variance is negative: -1048556799.823503
ref-point=(-3.849151,-22.568852,-12.232621)
pos=(-3.849203,-22.569156,-12.232690) at t=0.000351
err=
[ -20557050132711.921875, 1047026621120640.000000, -2807446187.592542 ] 
[ 1047026621120640.000000, -11726075762104002.000000, 21803095316.418591 ] 
[ -2807446187.592542, 21803095316.418591, 65134285393402.351562 ] 
vertexline variance is negative: -1044135450.910858
ref-point=(-3.849151,-22.568852,-12.232621)
pos=(-3.849099,-22.568549,-12.232352) at t=-0.000351
err=
[ -20557050132711.921875, 1047026621120640.000000, -2807446187.592542 ] 
[ 1047026621120640.000000, -11726075762104002.000000, 21803095316.418591 ] 
[ -2807446187.592542, 21803095316.418591, 65134285393402.351562 ] 
vertexline variance is negative: -1048556886.131372
ref-point=(-3.849151,-22.568852,-12.232621)
pos=(-3.849203,-22.569156,-12.232690) at t=0.000351
err=
[ -20557050132711.921875, 1047026621120640.000000, -2807446187.592542 ] 
[ 1047026621120640.000000, -11726075762104002.000000, 21803095316.418591 ] 
[ -2807446187.592542, 21803095316.418591, 65134285393402.351562 ] 
vertexline variance is negative: -1044135533.733492
ref-point=(-3.849151,-22.568852,-12.232621)
pos=(-3.849099,-22.568549,-12.232352) at t=-0.000351
err=
[ -20557050132711.921875, 1047026621120640.000000, -2807446187.592542 ] 
[ 1047026621120640.000000, -11726075762104002.000000, 21803095316.418591 ] 
[ -2807446187.592542, 21803095316.418591, 65134285393402.351562 ] 
vertexline variance is negative: -1048787812.685577
ref-point=(-3.849151,-22.568852,-12.232621)
pos=(-3.849203,-22.569156,-12.232690) at t=0.000351
err=
[ -20557050132711.921875, 1047026621120640.000000, -2807446187.592542 ] 
[ 1047026621120640.000000, -11726075762104002.000000, 21803095316.418591 ] 
[ -2807446187.592542, 21803095316.418591, 65134285393402.351562 ] 
vertexline variance is negative: -1043904954.034664
ref-point=(-3.849151,-22.568852,-12.232621)
pos=(-3.849099,-22.568549,-12.232352) at t=-0.000351
err=
[ -20557050132711.921875, 1047026621120640.000000, -2807446187.592542 ] 
[ 1047026621120640.000000, -11726075762104002.000000, 21803095316.418591 ] 
[ -2807446187.592542, 21803095316.418591, 65134285393402.351562 ] 
vertexline variance is negative: -1048556799.823503
ref-point=(-3.849151,-22.568852,-12.232621)
pos=(-3.849203,-22.569156,-12.232690) at t=0.000351
err=
[ -20557050132711.921875, 1047026621120640.000000, -2807446187.592542 ] 
[ 1047026621120640.000000, -11726075762104002.000000, 21803095316.418591 ] 
[ -2807446187.592542, 21803095316.418591, 65134285393402.351562 ] 
vertexline variance is negative: -1044135450.910858
ref-point=(-3.849151,-22.568852,-12.232621)
pos=(-3.849099,-22.568549,-12.232352) at t=-0.000351
err=
[ -20557050132711.921875, 1047026621120640.000000, -2807446187.592542 ] 
[ 1047026621120640.000000, -11726075762104002.000000, 21803095316.418591 ] 
[ -2807446187.592542, 21803095316.418591, 65134285393402.351562 ] 
vertexline variance is negative: -1048556886.131372
ref-point=(-3.849151,-22.568852,-12.232621)
pos=(-3.849203,-22.569156,-12.232690) at t=0.000351
err=
[ -20557050132711.921875, 1047026621120640.000000, -2807446187.592542 ] 
[ 1047026621120640.000000, -11726075762104002.000000, 21803095316.418591 ] 
[ -2807446187.592542, 21803095316.418591, 65134285393402.351562 ] 
vertexline variance is negative: -1044135533.733492
ref-point=(-3.849151,-22.568852,-12.232621)
pos=(-3.849099,-22.568549,-12.232352) at t=-0.000351
err=
[ -20557050132711.921875, 1047026621120640.000000, -2807446187.592542 ] 
[ 1047026621120640.000000, -11726075762104002.000000, 21803095316.418591 ] 
[ -2807446187.592542, 21803095316.418591, 65134285393402.351562 ] 
vertexline variance is negative: -1048787812.685577
ref-point=(-3.849151,-22.568852,-12.232621)
pos=(-3.849203,-22.569156,-12.232690) at t=0.000351
err=
[ -20557050132711.921875, 1047026621120640.000000, -2807446187.592542 ] 
[ 1047026621120640.000000, -11726075762104002.000000, 21803095316.418591 ] 
[ -2807446187.592542, 21803095316.418591, 65134285393402.351562 ] 
vertexline variance is negative: -1043904954.034664
ref-point=(-3.849151,-22.568852,-12.232621)
pos=(-3.849099,-22.568549,-12.232352) at t=-0.000351
err=
[ -20557050132711.921875, 1047026621120640.000000, -2807446187.592542 ] 
[ 1047026621120640.000000, -11726075762104002.000000, 21803095316.418591 ] 
[ -2807446187.592542, 21803095316.418591, 65134285393402.351562 ] 
vertexline variance is negative: -4070239446.739575
ref-point=(-3.849151,-22.568852,-12.233021)
pos=(-3.849253,-22.569451,-12.232854) at t=0.000692
err=
[ -20557050132711.921875, 1047026621120640.000000, -2807446187.592542 ] 
[ 1047026621120640.000000, -11726075762104002.000000, 21803095316.418591 ] 
[ -2807446187.592542, 21803095316.418591, 65134285393402.351562 ] 
vertexline variance is negative: -4026722325.725398
ref-point=(-3.849151,-22.568852,-12.233021)
pos=(-3.849049,-22.568254,-12.232188) at t=-0.000692
err=
[ -20557050132711.921875, 1047026621120640.000000, -2807446187.592542 ] 
[ 1047026621120640.000000, -11726075762104002.000000, 21803095316.418591 ] 
[ -2807446187.592542, 21803095316.418591, 65134285393402.351562 ] 
vertexline variance is negative: -1041735821.175444
ref-point=(-3.849151,-22.568852,-12.233021)
pos=(-3.849203,-22.569156,-12.232690) at t=0.000351
err=
[ -20557050132711.921875, 1047026621120640.000000, -2807446187.592542 ] 
[ 1047026621120640.000000, -11726075762104002.000000, 21803095316.418591 ] 
[ -2807446187.592542, 21803095316.418591, 65134285393402.351562 ] 
vertexline variance is negative: -1019692038.762893
ref-point=(-3.849151,-22.568852,-12.233021)
pos=(-3.849099,-22.568549,-12.232352) at t=-0.000351
err=
[ -20557050132711.921875, 1047026621120640.000000, -2807446187.592542 ] 
[ 1047026621120640.000000, -11726075762104002.000000, 21803095316.418591 ] 
[ -2807446187.592542, 21803095316.418591, 65134285393402.351562 ] 
vertexline variance is negative: -1041735907.845997
ref-point=(-3.849151,-22.568852,-12.233021)
pos=(-3.849203,-22.569156,-12.232690) at t=0.000351
err=
[ -20557050132711.921875, 1047026621120640.000000, -2807446187.592542 ] 
[ 1047026621120640.000000, -11726075762104002.000000, 21803095316.418591 ] 
[ -2807446187.592542, 21803095316.418591, 65134285393402.351562 ] 
vertexline variance is negative: -1019692121.236643
ref-point=(-3.849151,-22.568852,-12.233021)
pos=(-3.849099,-22.568549,-12.232352) at t=-0.000351
err=
[ -20557050132711.921875, 1047026621120640.000000, -2807446187.592542 ] 
[ 1047026621120640.000000, -11726075762104002.000000, 21803095316.418591 ] 
[ -2807446187.592542, 21803095316.418591, 65134285393402.351562 ] 
vertexline variance is negative: -1042897305.392600
ref-point=(-3.849151,-22.568852,-12.233021)
pos=(-3.849203,-22.569156,-12.232690) at t=0.000352
err=
[ -20557050132711.921875, 1047026621120640.000000, -2807446187.592542 ] 
[ 1047026621120640.000000, -11726075762104002.000000, 21803095316.418591 ] 
[ -2807446187.592542, 21803095316.418591, 65134285393402.351562 ] 
vertexline variance is negative: -1018543364.638103
ref-point=(-3.849151,-22.568852,-12.233021)
pos=(-3.849099,-22.568549,-12.232352) at t=-0.000351
err=
[ -20557050132711.921875, 1047026621120640.000000, -2807446187.592542 ] 
[ 1047026621120640.000000, -11726075762104002.000000, 21803095316.418591 ] 
[ -2807446187.592542, 21803095316.418591, 65134285393402.351562 ] 
vertexline variance is negative: -1464324817.576658
ref-point=(-3.849151,-22.568852,-12.232821)
pos=(-3.849212,-22.569211,-12.232720) at t=0.000415
err=
[ -20557050132711.921875, 1047026621120640.000000, -2807446187.592542 ] 
[ 1047026621120640.000000, -11726075762104002.000000, 21803095316.418591 ] 
[ -2807446187.592542, 21803095316.418591, 65134285393402.351562 ] 
vertexline variance is negative: -1448684416.484696
ref-point=(-3.849151,-22.568852,-12.232821)
pos=(-3.849090,-22.568494,-12.232321) at t=-0.000415
err=
[ -20557050132711.921875, 1047026621120640.000000, -2807446187.592542 ] 
[ 1047026621120640.000000, -11726075762104002.000000, 21803095316.418591 ] 
[ -2807446187.592542, 21803095316.418591, 65134285393402.351562 ] 
vertexline variance is negative: -1464324817.576658
ref-point=(-3.849151,-22.568852,-12.232821)
pos=(-3.849212,-22.569211,-12.232720) at t=0.000415
err=
[ -20557050132711.921875, 1047026621120640.000000, -2807446187.592542 ] 
[ 1047026621120640.000000, -11726075762104002.000000, 21803095316.418591 ] 
