Error in <TSystem::ExpandFileName>: input: $HOME/.root.mimes, output: $HOME/.root.mimes
Info in <TGeoManager::TGeoManager>: Geometry default, Detector Geometry created
Info in <TGeoManager::SetTopVolume>: Top volume is world_volume. Master volume is world_volume
Info in <TGeoNavigator::BuildCache>: --- Maximum geometry depth set to 100
++++++++++++++++++++++++++++++++++++++++++++++++++++++++++++++++++++++++++++++++++++++++++++++++++++++++++++++++++++++++++++++
++  The usage of the factory: "Beampipe_o1_v01" is DEPRECATED due to naming conventions.                                    ++
++  Please use "DD4hep_Beampipe_o1_v01" instead.                                                                            ++
++++++++++++++++++++++++++++++++++++++++++++++++++++++++++++++++++++++++++++++++++++++++++++++++++++++++++++++++++++++++++++++
Info in <TGeoManager::CheckGeometry>: Fixing runtime shapes...
Info in <TGeoManager::CheckGeometry>: ...Nothing to fix
Info in <TGeoManager::CloseGeometry>: Counting nodes...
Info in <TGeoManager::Voxelize>: Voxelizing...
Info in <TGeoManager::CloseGeometry>: Building cache...
Info in <TGeoManager::CountLevels>: max level = 5, max placements = 1044
Info in <TGeoManager::CloseGeometry>: 411734 nodes/ 5904 volume UID's in Detector Geometry
Info in <TGeoManager::CloseGeometry>: ----------------modeler ready----------------
vertexline variance is negative: -90719701123.427322
ref-point=(-24.415489,-11.892818,-4.325801)
pos=(-24.415809,-11.892974,-4.325861) at t=0.000361
err=
[ -667741839277170176.000000, -219358017308127520.000000, -514713899147.150330 ] 
[ -219358017308127520.000000, -51081407069150160.000000, -133686343409.288361 ] 
[ -514713899147.150330, -133686343409.288361, 167414340065173120.000000 ] 
vertexline variance is negative: -90718471878.355194
ref-point=(-24.415489,-11.892818,-4.325801)
pos=(-24.415170,-11.892663,-4.325741) at t=-0.000361
err=
[ -667741839277170176.000000, -219358017308127520.000000, -514713899147.150330 ] 
[ -219358017308127520.000000, -51081407069150160.000000, -133686343409.288361 ] 
[ -514713899147.150330, -133686343409.288361, 167414340065173120.000000 ] 
vertexline variance is negative: -90719708404.398849
ref-point=(-24.415489,-11.892818,-4.325801)
pos=(-24.415809,-11.892974,-4.325861) at t=0.000361
err=
[ -667741839277170176.000000, -219358017308127520.000000, -514713899147.150330 ] 
[ -219358017308127520.000000, -51081407069150160.000000, -133686343409.288361 ] 
[ -514713899147.150330, -133686343409.288361, 167414340065173120.000000 ] 
vertexline variance is negative: -90718479159.295181
ref-point=(-24.415489,-11.892818,-4.325801)
pos=(-24.415170,-11.892663,-4.325741) at t=-0.000361
err=
[ -667741839277170176.000000, -219358017308127520.000000, -514713899147.150330 ] 
[ -219358017308127520.000000, -51081407069150160.000000, -133686343409.288361 ] 
[ -514713899147.150330, -133686343409.288361, 167414340065173120.000000 ] 
vertexline variance is negative: -0.000001
ref-point=(-24.415489,-11.892818,-4.325801)
pos=(-24.415489,-11.892818,-4.325801) at t=0.000000
err=
[ -667741839277170176.000000, -219358017308127520.000000, -514713899147.150330 ] 
[ -219358017308127520.000000, -51081407069150160.000000, -133686343409.288361 ] 
[ -514713899147.150330, -133686343409.288361, 167414340065173120.000000 ] 
vertexline variance is negative: -0.000001
ref-point=(-24.415489,-11.892818,-4.325801)
pos=(-24.415489,-11.892818,-4.325801) at t=-0.000000
err=
[ -667741839277170176.000000, -219358017308127520.000000, -514713899147.150330 ] 
[ -219358017308127520.000000, -51081407069150160.000000, -133686343409.288361 ] 
[ -514713899147.150330, -133686343409.288361, 167414340065173120.000000 ] 
vertexline variance is negative: -90506472.183204
ref-point=(-24.415478,-11.892818,-4.325801)
pos=(-24.415489,-11.892818,-4.325801) at t=0.000000
err=
[ -667741839277170176.000000, -219358017308127520.000000, -514713899147.150330 ] 
[ -219358017308127520.000000, -51081407069150160.000000, -133686343409.288361 ] 
[ -514713899147.150330, -133686343409.288361, 167414340065173120.000000 ] 
vertexline variance is negative: -9130273502249.914062
ref-point=(-24.415478,-11.892818,-4.325801)
pos=(-24.418686,-11.894376,-4.326399) at t=0.003606
err=
[ -667741839277170176.000000, -219358017308127520.000000, -514713899147.150330 ] 
[ -219358017308127520.000000, -51081407069150160.000000, -133686343409.288361 ] 
[ -514713899147.150330, -133686343409.288361, 167414340065173120.000000 ] 
vertexline variance is negative: -9013730194147.125000
ref-point=(-24.415478,-11.892818,-4.325801)
pos=(-24.412293,-11.891261,-4.325203) at t=-0.003606
err=
[ -667741839277170176.000000, -219358017308127520.000000, -514713899147.150330 ] 
[ -219358017308127520.000000, -51081407069150160.000000, -133686343409.288361 ] 
[ -514713899147.150330, -133686343409.288361, 167414340065173120.000000 ] 
vertexline variance is negative: -90506472.183204
ref-point=(-24.415478,-11.892818,-4.325801)
pos=(-24.415489,-11.892818,-4.325801) at t=0.000000
err=
[ -667741839277170176.000000, -219358017308127520.000000, -514713899147.150330 ] 
[ -219358017308127520.000000, -51081407069150160.000000, -133686343409.288361 ] 
[ -514713899147.150330, -133686343409.288361, 167414340065173120.000000 ] 
vertexline variance is negative: -9130273502249.914062
ref-point=(-24.415478,-11.892818,-4.325801)
pos=(-24.418686,-11.894376,-4.326399) at t=0.003606
err=
[ -667741839277170176.000000, -219358017308127520.000000, -514713899147.150330 ] 
[ -219358017308127520.000000, -51081407069150160.000000, -133686343409.288361 ] 
[ -514713899147.150330, -133686343409.288361, 167414340065173120.000000 ] 
vertexline variance is negative: -9013730194147.125000
ref-point=(-24.415478,-11.892818,-4.325801)
pos=(-24.412293,-11.891261,-4.325203) at t=-0.003606
err=
[ -667741839277170176.000000, -219358017308127520.000000, -514713899147.150330 ] 
[ -219358017308127520.000000, -51081407069150160.000000, -133686343409.288361 ] 
[ -514713899147.150330, -133686343409.288361, 167414340065173120.000000 ] 
vertexline variance is negative: -908382544709929.625000
ref-point=(-24.415478,-11.892818,-4.325801)
pos=(-24.447468,-11.908395,-4.331780) at t=0.036070
err=
[ -667741839277170176.000000, -219358017308127520.000000, -514713899147.150330 ] 
[ -219358017308127520.000000, -51081407069150160.000000, -133686343409.288361 ] 
[ -514713899147.150330, -133686343409.288361, 167414340065173120.000000 ] 
vertexline variance is negative: -906000108012868.125000
ref-point=(-24.415478,-11.892818,-4.325801)
pos=(-24.383532,-11.877252,-4.319827) at t=-0.036045
err=
[ -667741839277170176.000000, -219358017308127520.000000, -514713899147.150330 ] 
[ -219358017308127520.000000, -51081407069150160.000000, -133686343409.288361 ] 
[ -514713899147.150330, -133686343409.288361, 167414340065173120.000000 ] 
vertexline variance is negative: -91340553627574544.000000
ref-point=(-24.415478,-11.892818,-4.325801)
pos=(-24.736251,-12.049062,-4.385768) at t=0.361796
err=
[ -667741839277170176.000000, -219358017308127520.000000, -514713899147.150330 ] 
[ -219358017308127520.000000, -51081407069150160.000000, -133686343409.288361 ] 
[ -514713899147.150330, -133686343409.288361, 167414340065173120.000000 ] 
vertexline variance is negative: -90099725780914704.000000
ref-point=(-24.415478,-11.892818,-4.325801)
pos=(-24.096893,-11.737630,-4.266239) at t=-0.359353
err=
[ -667741839277170176.000000, -219358017308127520.000000, -514713899147.150330 ] 
[ -219358017308127520.000000, -51081407069150160.000000, -133686343409.288361 ] 
[ -514713899147.150330, -133686343409.288361, 167414340065173120.000000 ] 
vertexline variance is negative: -9696872584824506368.000000
ref-point=(-24.415478,-11.892818,-4.325801)
pos=(-27.720546,-13.502716,-4.943689) at t=3.727863
err=
[ -667741839277170176.000000, -219358017308127520.000000, -514713899147.150330 ] 
[ -219358017308127520.000000, -51081407069150160.000000, -133686343409.288361 ] 
[ -514713899147.150330, -133686343409.288361, 167414340065173120.000000 ] 
vertexline variance is negative: -8467475730437969920.000000
ref-point=(-24.415478,-11.892818,-4.325801)
pos=(-21.327023,-10.388422,-3.748405) at t=-3.483564
err=
[ -667741839277170176.000000, -219358017308127520.000000, -514713899147.150330 ] 
[ -219358017308127520.000000, -51081407069150160.000000, -133686343409.288361 ] 
[ -514713899147.150330, -133686343409.288361, 167414340065173120.000000 ] 
vertexline variance is negative: -1623632672390907166720.000000
ref-point=(-24.415478,-11.892818,-4.325801)
pos=(-67.182438,-32.724658,-12.321186) at t=48.237989
err=
[ -667741839277170176.000000, -219358017308127520.000000, -514713899147.150330 ] 
[ -219358017308127520.000000, -51081407069150160.000000, -133686343409.288361 ] 
[ -514713899147.150330, -133686343409.288361, 167414340065173120.000000 ] 
vertexline variance is negative: -395839764696008687616.000000
ref-point=(-24.415478,-11.892818,-4.325801)
pos=(-3.298870,-1.606884,-0.377998) at t=-23.818002
err=
[ -667741839277170176.000000, -219358017308127520.000000, -514713899147.150330 ] 
[ -219358017308127520.000000, -51081407069150160.000000, -133686343409.288361 ] 
[ -514713899147.150330, -133686343409.288361, 167414340065173120.000000 ] 
vertexline variance is negative: -90506472.183204
ref-point=(-24.415478,-11.892818,-4.325801)
pos=(-24.415489,-11.892818,-4.325801) at t=0.000000
err=
[ -667741839277170176.000000, -219358017308127520.000000, -514713899147.150330 ] 
[ -219358017308127520.000000, -51081407069150160.000000, -133686343409.288361 ] 
[ -514713899147.150330, -133686343409.288361, 167414340065173120.000000 ] 
vertexline variance is negative: -90506470.382487
ref-point=(-24.415501,-11.892818,-4.325801)
pos=(-24.415489,-11.892818,-4.325801) at t=0.000000
err=
[ -667741839277170176.000000, -219358017308127520.000000, -514713899147.150330 ] 
[ -219358017308127520.000000, -51081407069150160.000000, -133686343409.288361 ] 
[ -514713899147.150330, -133686343409.288361, 167414340065173120.000000 ] 
vertexline variance is negative: -9014955584106.126953
ref-point=(-24.415501,-11.892818,-4.325801)
pos=(-24.418686,-11.894376,-4.326399) at t=0.003606
err=
[ -667741839277170176.000000, -219358017308127520.000000, -514713899147.150330 ] 
[ -219358017308127520.000000, -51081407069150160.000000, -133686343409.288361 ] 
[ -514713899147.150330, -133686343409.288361, 167414340065173120.000000 ] 
vertexline variance is negative: -9129040299429.556641
ref-point=(-24.415501,-11.892818,-4.325801)
pos=(-24.412293,-11.891261,-4.325203) at t=-0.003606
err=
[ -667741839277170176.000000, -219358017308127520.000000, -514713899147.150330 ] 
[ -219358017308127520.000000, -51081407069150160.000000, -133686343409.288361 ] 
[ -514713899147.150330, -133686343409.288361, 167414340065173120.000000 ] 
vertexline variance is negative: -90506470.382487
ref-point=(-24.415501,-11.892818,-4.325801)
pos=(-24.415489,-11.892818,-4.325801) at t=0.000000
err=
[ -667741839277170176.000000, -219358017308127520.000000, -514713899147.150330 ] 
[ -219358017308127520.000000, -51081407069150160.000000, -133686343409.288361 ] 
[ -514713899147.150330, -133686343409.288361, 167414340065173120.000000 ] 
vertexline variance is negative: -9014955584106.126953
ref-point=(-24.415501,-11.892818,-4.325801)
pos=(-24.418686,-11.894376,-4.326399) at t=0.003606
err=
[ -667741839277170176.000000, -219358017308127520.000000, -514713899147.150330 ] 
[ -219358017308127520.000000, -51081407069150160.000000, -133686343409.288361 ] 
[ -514713899147.150330, -133686343409.288361, 167414340065173120.000000 ] 
vertexline variance is negative: -9129040299429.556641
ref-point=(-24.415501,-11.892818,-4.325801)
pos=(-24.412293,-11.891261,-4.325203) at t=-0.003606
err=
[ -667741839277170176.000000, -219358017308127520.000000, -514713899147.150330 ] 
[ -219358017308127520.000000, -51081407069150160.000000, -133686343409.288361 ] 
[ -514713899147.150330, -133686343409.288361, 167414340065173120.000000 ] 
vertexline variance is negative: -907229013950666.375000
ref-point=(-24.415501,-11.892818,-4.325801)
pos=(-24.447468,-11.908395,-4.331780) at t=0.036070
err=
[ -667741839277170176.000000, -219358017308127520.000000, -514713899147.150330 ] 
[ -219358017308127520.000000, -51081407069150160.000000, -133686343409.288361 ] 
[ -514713899147.150330, -133686343409.288361, 167414340065173120.000000 ] 
vertexline variance is negative: -907152857486103.625000
ref-point=(-24.415501,-11.892818,-4.325801)
pos=(-24.383532,-11.877252,-4.319827) at t=-0.036045
err=
[ -667741839277170176.000000, -219358017308127520.000000, -514713899147.150330 ] 
[ -219358017308127520.000000, -51081407069150160.000000, -133686343409.288361 ] 
[ -514713899147.150330, -133686343409.288361, 167414340065173120.000000 ] 
vertexline variance is negative: -91328983163044000.000000
ref-point=(-24.415501,-11.892818,-4.325801)
pos=(-24.736251,-12.049062,-4.385768) at t=0.361796
err=
[ -667741839277170176.000000, -219358017308127520.000000, -514713899147.150330 ] 
[ -219358017308127520.000000, -51081407069150160.000000, -133686343409.288361 ] 
[ -514713899147.150330, -133686343409.288361, 167414340065173120.000000 ] 
vertexline variance is negative: -90111218116844944.000000
ref-point=(-24.415501,-11.892818,-4.325801)
pos=(-24.096893,-11.737630,-4.266239) at t=-0.359353
err=
[ -667741839277170176.000000, -219358017308127520.000000, -514713899147.150330 ] 
[ -219358017308127520.000000, -51081407069150160.000000, -133686343409.288361 ] 
[ -514713899147.150330, -133686343409.288361, 167414340065173120.000000 ] 
vertexline variance is negative: -9696753365340092416.000000
ref-point=(-24.415501,-11.892818,-4.325801)
pos=(-27.720546,-13.502716,-4.943689) at t=3.727863
err=
[ -667741839277170176.000000, -219358017308127520.000000, -514713899147.150330 ] 
[ -219358017308127520.000000, -51081407069150160.000000, -133686343409.288361 ] 
[ -514713899147.150330, -133686343409.288361, 167414340065173120.000000 ] 
vertexline variance is negative: -8467587137093926912.000000
ref-point=(-24.415501,-11.892818,-4.325801)
pos=(-21.327023,-10.388422,-3.748405) at t=-3.483564
err=
[ -667741839277170176.000000, -219358017308127520.000000, -514713899147.150330 ] 
[ -219358017308127520.000000, -51081407069150160.000000, -133686343409.288361 ] 
[ -514713899147.150330, -133686343409.288361, 167414340065173120.000000 ] 
vertexline variance is negative: -1623631129708532858880.000000
ref-point=(-24.415501,-11.892818,-4.325801)
pos=(-67.182438,-32.724658,-12.321186) at t=48.237989
err=
[ -667741839277170176.000000, -219358017308127520.000000, -514713899147.150330 ] 
[ -219358017308127520.000000, -51081407069150160.000000, -133686343409.288361 ] 
[ -514713899147.150330, -133686343409.288361, 167414340065173120.000000 ] 
vertexline variance is negative: -395840526411255119872.000000
ref-point=(-24.415501,-11.892818,-4.325801)
pos=(-3.298870,-1.606884,-0.377998) at t=-23.818002
err=
[ -667741839277170176.000000, -219358017308127520.000000, -514713899147.150330 ] 
[ -219358017308127520.000000, -51081407069150160.000000, -133686343409.288361 ] 
[ -514713899147.150330, -133686343409.288361, 167414340065173120.000000 ] 
vertexline variance is negative: -90506470.382487
ref-point=(-24.415501,-11.892818,-4.325801)
pos=(-24.415489,-11.892818,-4.325801) at t=0.000000
err=
[ -667741839277170176.000000, -219358017308127520.000000, -514713899147.150330 ] 
[ -219358017308127520.000000, -51081407069150160.000000, -133686343409.288361 ] 
[ -514713899147.150330, -133686343409.288361, 167414340065173120.000000 ] 
vertexline variance is negative: -1642754.396521
ref-point=(-24.415489,-11.892813,-4.325801)
pos=(-24.415489,-11.892818,-4.325801) at t=0.000000
err=
[ -667741839277170176.000000, -219358017308127520.000000, -514713899147.150330 ] 
[ -219358017308127520.000000, -51081407069150160.000000, -133686343409.288361 ] 
[ -514713899147.150330, -133686343409.288361, 167414340065173120.000000 ] 
vertexline variance is negative: -9081381523539.962891
ref-point=(-24.415489,-11.892813,-4.325801)
pos=(-24.418686,-11.894376,-4.326399) at t=0.003606
err=
[ -667741839277170176.000000, -219358017308127520.000000, -514713899147.150330 ] 
[ -219358017308127520.000000, -51081407069150160.000000, -133686343409.288361 ] 
[ -514713899147.150330, -133686343409.288361, 167414340065173120.000000 ] 
vertexline variance is negative: -9062441138981.347656
ref-point=(-24.415489,-11.892813,-4.325801)
pos=(-24.412293,-11.891261,-4.325203) at t=-0.003606
err=
[ -667741839277170176.000000, -219358017308127520.000000, -514713899147.150330 ] 
[ -219358017308127520.000000, -51081407069150160.000000, -133686343409.288361 ] 
[ -514713899147.150330, -133686343409.288361, 167414340065173120.000000 ] 
vertexline variance is negative: -1642754.396521
ref-point=(-24.415489,-11.892813,-4.325801)
pos=(-24.415489,-11.892818,-4.325801) at t=0.000000
err=
[ -667741839277170176.000000, -219358017308127520.000000, -514713899147.150330 ] 
[ -219358017308127520.000000, -51081407069150160.000000, -133686343409.288361 ] 
[ -514713899147.150330, -133686343409.288361, 167414340065173120.000000 ] 
vertexline variance is negative: -9081381523539.962891
ref-point=(-24.415489,-11.892813,-4.325801)
pos=(-24.418686,-11.894376,-4.326399) at t=0.003606
err=
[ -667741839277170176.000000, -219358017308127520.000000, -514713899147.150330 ] 
[ -219358017308127520.000000, -51081407069150160.000000, -133686343409.288361 ] 
[ -514713899147.150330, -133686343409.288361, 167414340065173120.000000 ] 
vertexline variance is negative: -9062441138981.347656
ref-point=(-24.415489,-11.892813,-4.325801)
pos=(-24.412293,-11.891261,-4.325203) at t=-0.003606
err=
[ -667741839277170176.000000, -219358017308127520.000000, -514713899147.150330 ] 
[ -219358017308127520.000000, -51081407069150160.000000, -133686343409.288361 ] 
[ -514713899147.150330, -133686343409.288361, 167414340065173120.000000 ] 
vertexline variance is negative: -907894275906803.625000
ref-point=(-24.415489,-11.892813,-4.325801)
pos=(-24.447468,-11.908395,-4.331780) at t=0.036070
err=
[ -667741839277170176.000000, -219358017308127520.000000, -514713899147.150330 ] 
[ -219358017308127520.000000, -51081407069150160.000000, -133686343409.288361 ] 
[ -514713899147.150330, -133686343409.288361, 167414340065173120.000000 ] 
vertexline variance is negative: -906487868444437.625000
ref-point=(-24.415489,-11.892813,-4.325801)
pos=(-24.383532,-11.877252,-4.319827) at t=-0.036045
err=
[ -667741839277170176.000000, -219358017308127520.000000, -514713899147.150330 ] 
[ -219358017308127520.000000, -51081407069150160.000000, -133686343409.288361 ] 
[ -514713899147.150330, -133686343409.288361, 167414340065173120.000000 ] 
vertexline variance is negative: -91335656860726224.000000
ref-point=(-24.415489,-11.892813,-4.325801)
pos=(-24.736251,-12.049062,-4.385768) at t=0.361796
err=
[ -667741839277170176.000000, -219358017308127520.000000, -514713899147.150330 ] 
[ -219358017308127520.000000, -51081407069150160.000000, -133686343409.288361 ] 
[ -514713899147.150330, -133686343409.288361, 167414340065173120.000000 ] 
vertexline variance is negative: -90104589305624384.000000
ref-point=(-24.415489,-11.892813,-4.325801)
pos=(-24.096893,-11.737630,-4.266239) at t=-0.359353
err=
[ -667741839277170176.000000, -219358017308127520.000000, -514713899147.150330 ] 
[ -219358017308127520.000000, -51081407069150160.000000, -133686343409.288361 ] 
[ -514713899147.150330, -133686343409.288361, 167414340065173120.000000 ] 
vertexline variance is negative: -9696822130458449920.000000
ref-point=(-24.415489,-11.892813,-4.325801)
pos=(-27.720546,-13.502716,-4.943689) at t=3.727863
err=
[ -667741839277170176.000000, -219358017308127520.000000, -514713899147.150330 ] 
[ -219358017308127520.000000, -51081407069150160.000000, -133686343409.288361 ] 
[ -514713899147.150330, -133686343409.288361, 167414340065173120.000000 ] 
vertexline variance is negative: -8467522878198539264.000000
ref-point=(-24.415489,-11.892813,-4.325801)
pos=(-21.327023,-10.388422,-3.748405) at t=-3.483564
err=
[ -667741839277170176.000000, -219358017308127520.000000, -514713899147.150330 ] 
[ -219358017308127520.000000, -51081407069150160.000000, -133686343409.288361 ] 
[ -514713899147.150330, -133686343409.288361, 167414340065173120.000000 ] 
vertexline variance is negative: -1623632019519984893952.000000
ref-point=(-24.415489,-11.892813,-4.325801)
pos=(-67.182438,-32.724658,-12.321186) at t=48.237989
err=
[ -667741839277170176.000000, -219358017308127520.000000, -514713899147.150330 ] 
[ -219358017308127520.000000, -51081407069150160.000000, -133686343409.288361 ] 
[ -514713899147.150330, -133686343409.288361, 167414340065173120.000000 ] 
vertexline variance is negative: -395840087057590583296.000000
ref-point=(-24.415489,-11.892813,-4.325801)
pos=(-3.298870,-1.606884,-0.377998) at t=-23.818002
err=
[ -667741839277170176.000000, -219358017308127520.000000, -514713899147.150330 ] 
[ -219358017308127520.000000, -51081407069150160.000000, -133686343409.288361 ] 
[ -514713899147.150330, -133686343409.288361, 167414340065173120.000000 ] 
vertexline variance is negative: -1642754.396521
ref-point=(-24.415489,-11.892813,-4.325801)
pos=(-24.415489,-11.892818,-4.325801) at t=0.000000
err=
[ -667741839277170176.000000, -219358017308127520.000000, -514713899147.150330 ] 
[ -219358017308127520.000000, -51081407069150160.000000, -133686343409.288361 ] 
[ -514713899147.150330, -133686343409.288361, 167414340065173120.000000 ] 
vertexline variance is negative: -1642754.120213
ref-point=(-24.415489,-11.892824,-4.325801)
pos=(-24.415489,-11.892818,-4.325801) at t=0.000000
err=
[ -667741839277170176.000000, -219358017308127520.000000, -514713899147.150330 ] 
[ -219358017308127520.000000, -51081407069150160.000000, -133686343409.288361 ] 
[ -514713899147.150330, -133686343409.288361, 167414340065173120.000000 ] 
vertexline variance is negative: -9063669835382.031250
ref-point=(-24.415489,-11.892824,-4.325801)
pos=(-24.418686,-11.894376,-4.326399) at t=0.003606
err=
[ -667741839277170176.000000, -219358017308127520.000000, -514713899147.150330 ] 
[ -219358017308127520.000000, -51081407069150160.000000, -133686343409.288361 ] 
[ -514713899147.150330, -133686343409.288361, 167414340065173120.000000 ] 
vertexline variance is negative: -9080151627161.283203
ref-point=(-24.415489,-11.892824,-4.325801)
pos=(-24.412293,-11.891261,-4.325203) at t=-0.003606
err=
[ -667741839277170176.000000, -219358017308127520.000000, -514713899147.150330 ] 
[ -219358017308127520.000000, -51081407069150160.000000, -133686343409.288361 ] 
[ -514713899147.150330, -133686343409.288361, 167414340065173120.000000 ] 
vertexline variance is negative: -1642754.120213
ref-point=(-24.415489,-11.892824,-4.325801)
pos=(-24.415489,-11.892818,-4.325801) at t=0.000000
err=
[ -667741839277170176.000000, -219358017308127520.000000, -514713899147.150330 ] 
[ -219358017308127520.000000, -51081407069150160.000000, -133686343409.288361 ] 
[ -514713899147.150330, -133686343409.288361, 167414340065173120.000000 ] 
vertexline variance is negative: -9063669835382.031250
ref-point=(-24.415489,-11.892824,-4.325801)
pos=(-24.418686,-11.894376,-4.326399) at t=0.003606
err=
[ -667741839277170176.000000, -219358017308127520.000000, -514713899147.150330 ] 
[ -219358017308127520.000000, -51081407069150160.000000, -133686343409.288361 ] 
[ -514713899147.150330, -133686343409.288361, 167414340065173120.000000 ] 
vertexline variance is negative: -9080151627161.283203
ref-point=(-24.415489,-11.892824,-4.325801)
pos=(-24.412293,-11.891261,-4.325203) at t=-0.003606
err=
[ -667741839277170176.000000, -219358017308127520.000000, -514713899147.150330 ] 
[ -219358017308127520.000000, -51081407069150160.000000, -133686343409.288361 ] 
[ -514713899147.150330, -133686343409.288361, 167414340065173120.000000 ] 
vertexline variance is negative: -907717105026358.375000
ref-point=(-24.415489,-11.892824,-4.325801)
pos=(-24.447468,-11.908395,-4.331780) at t=0.036070
err=
[ -667741839277170176.000000, -219358017308127520.000000, -514713899147.150330 ] 
[ -219358017308127520.000000, -51081407069150160.000000, -133686343409.288361 ] 
[ -514713899147.150330, -133686343409.288361, 167414340065173120.000000 ] 
vertexline variance is negative: -906664919327100.250000
ref-point=(-24.415489,-11.892824,-4.325801)
pos=(-24.383532,-11.877252,-4.319827) at t=-0.036045
err=
[ -667741839277170176.000000, -219358017308127520.000000, -514713899147.150330 ] 
[ -219358017308127520.000000, -51081407069150160.000000, -133686343409.288361 ] 
[ -514713899147.150330, -133686343409.288361, 167414340065173120.000000 ] 
vertexline variance is negative: -91333879752164896.000000
ref-point=(-24.415489,-11.892824,-4.325801)
pos=(-24.736251,-12.049062,-4.385768) at t=0.361796
err=
[ -667741839277170176.000000, -219358017308127520.000000, -514713899147.150330 ] 
[ -219358017308127520.000000, -51081407069150160.000000, -133686343409.288361 ] 
[ -514713899147.150330, -133686343409.288361, 167414340065173120.000000 ] 
vertexline variance is negative: -90106354414407824.000000
ref-point=(-24.415489,-11.892824,-4.325801)
pos=(-24.096893,-11.737630,-4.266239) at t=-0.359353
err=
[ -667741839277170176.000000, -219358017308127520.000000, -514713899147.150330 ] 
[ -219358017308127520.000000, -51081407069150160.000000, -133686343409.288361 ] 
[ -514713899147.150330, -133686343409.288361, 167414340065173120.000000 ] 
vertexline variance is negative: -9696803819528421376.000000
ref-point=(-24.415489,-11.892824,-4.325801)
pos=(-27.720546,-13.502716,-4.943689) at t=3.727863
err=
[ -667741839277170176.000000, -219358017308127520.000000, -514713899147.150330 ] 
[ -219358017308127520.000000, -51081407069150160.000000, -133686343409.288361 ] 
[ -514713899147.150330, -133686343409.288361, 167414340065173120.000000 ] 
vertexline variance is negative: -8467539989155629056.000000
ref-point=(-24.415489,-11.892824,-4.325801)
pos=(-21.327023,-10.388422,-3.748405) at t=-3.483564
err=
[ -667741839277170176.000000, -219358017308127520.000000, -514713899147.150330 ] 
[ -219358017308127520.000000, -51081407069150160.000000, -133686343409.288361 ] 
[ -514713899147.150330, -133686343409.288361, 167414340065173120.000000 ] 
vertexline variance is negative: -1623631782579277398016.000000
ref-point=(-24.415489,-11.892824,-4.325801)
pos=(-67.182438,-32.724658,-12.321186) at t=48.237989
err=
[ -667741839277170176.000000, -219358017308127520.000000, -514713899147.150330 ] 
[ -219358017308127520.000000, -51081407069150160.000000, -133686343409.288361 ] 
[ -514713899147.150330, -133686343409.288361, 167414340065173120.000000 ] 
vertexline variance is negative: -395840204049495425024.000000
ref-point=(-24.415489,-11.892824,-4.325801)
pos=(-3.298870,-1.606884,-0.377998) at t=-23.818002
err=
[ -667741839277170176.000000, -219358017308127520.000000, -514713899147.150330 ] 
[ -219358017308127520.000000, -51081407069150160.000000, -133686343409.288361 ] 
[ -514713899147.150330, -133686343409.288361, 167414340065173120.000000 ] 
vertexline variance is negative: -1642754.120213
ref-point=(-24.415489,-11.892824,-4.325801)
pos=(-24.415489,-11.892818,-4.325801) at t=0.000000
err=
[ -667741839277170176.000000, -219358017308127520.000000, -514713899147.150330 ] 
[ -219358017308127520.000000, -51081407069150160.000000, -133686343409.288361 ] 
[ -514713899147.150330, -133686343409.288361, 167414340065173120.000000 ] 
vertexline variance is negative: -90677712814.750229
ref-point=(-24.415489,-11.892818,-4.325799)
pos=(-24.415809,-11.892974,-4.325861) at t=0.000361
err=
[ -667741839277170176.000000, -219358017308127520.000000, -514713899147.150330 ] 
[ -219358017308127520.000000, -51081407069150160.000000, -133686343409.288361 ] 
[ -514713899147.150330, -133686343409.288361, 167414340065173120.000000 ] 
vertexline variance is negative: -90759035296.385864
ref-point=(-24.415489,-11.892818,-4.325799)
pos=(-24.415170,-11.892663,-4.325741) at t=-0.000361
err=
[ -667741839277170176.000000, -219358017308127520.000000, -514713899147.150330 ] 
[ -219358017308127520.000000, -51081407069150160.000000, -133686343409.288361 ] 
[ -514713899147.150330, -133686343409.288361, 167414340065173120.000000 ] 
vertexline variance is negative: -90677720094.064957
ref-point=(-24.415489,-11.892818,-4.325799)
pos=(-24.415809,-11.892974,-4.325861) at t=0.000361
err=
[ -667741839277170176.000000, -219358017308127520.000000, -514713899147.150330 ] 
[ -219358017308127520.000000, -51081407069150160.000000, -133686343409.288361 ] 
[ -514713899147.150330, -133686343409.288361, 167414340065173120.000000 ] 
vertexline variance is negative: -90759042578.982056
ref-point=(-24.415489,-11.892818,-4.325799)
pos=(-24.415170,-11.892663,-4.325741) at t=-0.000361
err=
[ -667741839277170176.000000, -219358017308127520.000000, -514713899147.150330 ] 
[ -219358017308127520.000000, -51081407069150160.000000, -133686343409.288361 ] 
[ -514713899147.150330, -133686343409.288361, 167414340065173120.000000 ] 
vertexline variance is negative: -90303278344.476913
ref-point=(-24.415489,-11.892818,-4.325799)
pos=(-24.415808,-11.892974,-4.325861) at t=0.000360
err=
[ -667741839277170176.000000, -219358017308127520.000000, -514713899147.150330 ] 
[ -219358017308127520.000000, -51081407069150160.000000, -133686343409.288361 ] 
[ -514713899147.150330, -133686343409.288361, 167414340065173120.000000 ] 
vertexline variance is negative: -91134407697.905334
ref-point=(-24.415489,-11.892818,-4.325799)
pos=(-24.415169,-11.892662,-4.325741) at t=-0.000361
err=
[ -667741839277170176.000000, -219358017308127520.000000, -514713899147.150330 ] 
[ -219358017308127520.000000, -51081407069150160.000000, -133686343409.288361 ] 
[ -514713899147.150330, -133686343409.288361, 167414340065173120.000000 ] 
vertexline variance is negative: -90760264822.371338
ref-point=(-24.415489,-11.892818,-4.325803)
pos=(-24.415809,-11.892974,-4.325861) at t=0.000361
err=
[ -667741839277170176.000000, -219358017308127520.000000, -514713899147.150330 ] 
[ -219358017308127520.000000, -51081407069150160.000000, -133686343409.288361 ] 
[ -514713899147.150330, -133686343409.288361, 167414340065173120.000000 ] 
vertexline variance is negative: -90676483850.591461
ref-point=(-24.415489,-11.892818,-4.325803)
pos=(-24.415170,-11.892663,-4.325741) at t=-0.000361
err=
[ -667741839277170176.000000, -219358017308127520.000000, -514713899147.150330 ] 
[ -219358017308127520.000000, -51081407069150160.000000, -133686343409.288361 ] 
[ -514713899147.150330, -133686343409.288361, 167414340065173120.000000 ] 
vertexline variance is negative: -90760272104.999695
ref-point=(-24.415489,-11.892818,-4.325803)
pos=(-24.415809,-11.892974,-4.325861) at t=0.000361
err=
[ -667741839277170176.000000, -219358017308127520.000000, -514713899147.150330 ] 
[ -219358017308127520.000000, -51081407069150160.000000, -133686343409.288361 ] 
[ -514713899147.150330, -133686343409.288361, 167414340065173120.000000 ] 
vertexline variance is negative: -90676491129.875259
ref-point=(-24.415489,-11.892818,-4.325803)
pos=(-24.415170,-11.892663,-4.325741) at t=-0.000361
err=
[ -667741839277170176.000000, -219358017308127520.000000, -514713899147.150330 ] 
[ -219358017308127520.000000, -51081407069150160.000000, -133686343409.288361 ] 
[ -514713899147.150330, -133686343409.288361, 167414340065173120.000000 ] 
vertexline variance is negative: -91135645097.327621
ref-point=(-24.415489,-11.892818,-4.325803)
pos=(-24.415810,-11.892974,-4.325861) at t=0.000361
err=
[ -667741839277170176.000000, -219358017308127520.000000, -514713899147.150330 ] 
[ -219358017308127520.000000, -51081407069150160.000000, -133686343409.288361 ] 
[ -514713899147.150330, -133686343409.288361, 167414340065173120.000000 ] 
vertexline variance is negative: -90302056110.762939
ref-point=(-24.415489,-11.892818,-4.325803)
pos=(-24.415170,-11.892663,-4.325741) at t=-0.000360
err=
[ -667741839277170176.000000, -219358017308127520.000000, -514713899147.150330 ] 
[ -219358017308127520.000000, -51081407069150160.000000, -133686343409.288361 ] 
[ -514713899147.150330, -133686343409.288361, 167414340065173120.000000 ] 
vertexline variance is negative: -90719701235.450653
ref-point=(-24.415489,-11.892818,-4.325801)
pos=(-24.415809,-11.892974,-4.325861) at t=0.000361
err=
[ -667741839277170176.000000, -219358017308127520.000000, -514713899147.150330 ] 
[ -219358017308127520.000000, -51081407069150160.000000, -133686343409.288361 ] 
[ -514713899147.150330, -133686343409.288361, 167414340065173120.000000 ] 
vertexline variance is negative: -90718471766.332596
ref-point=(-24.415489,-11.892818,-4.325801)
pos=(-24.415170,-11.892663,-4.325741) at t=-0.000361
err=
[ -667741839277170176.000000, -219358017308127520.000000, -514713899147.150330 ] 
[ -219358017308127520.000000, -51081407069150160.000000, -133686343409.288361 ] 
[ -514713899147.150330, -133686343409.288361, 167414340065173120.000000 ] 
vertexline variance is negative: -90719708516.422195
ref-point=(-24.415489,-11.892818,-4.325801)
pos=(-24.415809,-11.892974,-4.325861) at t=0.000361
err=
[ -667741839277170176.000000, -219358017308127520.000000, -514713899147.150330 ] 
[ -219358017308127520.000000, -51081407069150160.000000, -133686343409.288361 ] 
[ -514713899147.150330, -133686343409.288361, 167414340065173120.000000 ] 
vertexline variance is negative: -90718479047.272583
ref-point=(-24.415489,-11.892818,-4.325801)
pos=(-24.415170,-11.892663,-4.325741) at t=-0.000361
err=
[ -667741839277170176.000000, -219358017308127520.000000, -514713899147.150330 ] 
[ -219358017308127520.000000, -51081407069150160.000000, -133686343409.288361 ] 
[ -514713899147.150330, -133686343409.288361, 167414340065173120.000000 ] 
vertexline variance is negative: -90719701123.427322
ref-point=(-24.415489,-11.892818,-4.325801)
pos=(-24.415809,-11.892974,-4.325861) at t=0.000361
err=
[ -667741839277170176.000000, -219358017308127520.000000, -514713899147.150330 ] 
[ -219358017308127520.000000, -51081407069150160.000000, -133686343409.288361 ] 
[ -514713899147.150330, -133686343409.288361, 167414340065173120.000000 ] 
vertexline variance is negative: -90718471878.355194
ref-point=(-24.415489,-11.892818,-4.325801)
pos=(-24.415170,-11.892663,-4.325741) at t=-0.000361
err=
[ -667741839277170176.000000, -219358017308127520.000000, -514713899147.150330 ] 
[ -219358017308127520.000000, -51081407069150160.000000, -133686343409.288361 ] 
[ -514713899147.150330, -133686343409.288361, 167414340065173120.000000 ] 
vertexline variance is negative: -90719708404.398849
ref-point=(-24.415489,-11.892818,-4.325801)
pos=(-24.415809,-11.892974,-4.325861) at t=0.000361
err=
[ -667741839277170176.000000, -219358017308127520.000000, -514713899147.150330 ] 
[ -219358017308127520.000000, -51081407069150160.000000, -133686343409.288361 ] 
[ -514713899147.150330, -133686343409.288361, 167414340065173120.000000 ] 
vertexline variance is negative: -90718479159.295181
ref-point=(-24.415489,-11.892818,-4.325801)
pos=(-24.415170,-11.892663,-4.325741) at t=-0.000361
err=
[ -667741839277170176.000000, -219358017308127520.000000, -514713899147.150330 ] 
[ -219358017308127520.000000, -51081407069150160.000000, -133686343409.288361 ] 
[ -514713899147.150330, -133686343409.288361, 167414340065173120.000000 ] 
vertexline variance is negative: -0.000001
ref-point=(-24.415489,-11.892818,-4.325801)
pos=(-24.415489,-11.892818,-4.325801) at t=0.000000
err=
[ -667741839277170176.000000, -219358017308127520.000000, -514713899147.150330 ] 
[ -219358017308127520.000000, -51081407069150160.000000, -133686343409.288361 ] 
[ -514713899147.150330, -133686343409.288361, 167414340065173120.000000 ] 
vertexline variance is negative: -0.000001
ref-point=(-24.415489,-11.892818,-4.325801)
pos=(-24.415489,-11.892818,-4.325801) at t=-0.000000
err=
[ -667741839277170176.000000, -219358017308127520.000000, -514713899147.150330 ] 
[ -219358017308127520.000000, -51081407069150160.000000, -133686343409.288361 ] 
[ -514713899147.150330, -133686343409.288361, 167414340065173120.000000 ] 
vertexline variance is negative: -90506472.625104
ref-point=(-24.415478,-11.892818,-4.325801)
pos=(-24.415489,-11.892818,-4.325801) at t=0.000000
err=
[ -667741839277170176.000000, -219358017308127520.000000, -514713899147.150330 ] 
[ -219358017308127520.000000, -51081407069150160.000000, -133686343409.288361 ] 
[ -514713899147.150330, -133686343409.288361, 167414340065173120.000000 ] 
vertexline variance is negative: -9130273502391.117188
ref-point=(-24.415478,-11.892818,-4.325801)
pos=(-24.418686,-11.894376,-4.326399) at t=0.003606
err=
[ -667741839277170176.000000, -219358017308127520.000000, -514713899147.150330 ] 
[ -219358017308127520.000000, -51081407069150160.000000, -133686343409.288361 ] 
[ -514713899147.150330, -133686343409.288361, 167414340065173120.000000 ] 
vertexline variance is negative: -9013730194006.816406
ref-point=(-24.415478,-11.892818,-4.325801)
pos=(-24.412293,-11.891261,-4.325203) at t=-0.003606
err=
[ -667741839277170176.000000, -219358017308127520.000000, -514713899147.150330 ] 
[ -219358017308127520.000000, -51081407069150160.000000, -133686343409.288361 ] 
[ -514713899147.150330, -133686343409.288361, 167414340065173120.000000 ] 
vertexline variance is negative: -90506472.625104
ref-point=(-24.415478,-11.892818,-4.325801)
pos=(-24.415489,-11.892818,-4.325801) at t=0.000000
err=
[ -667741839277170176.000000, -219358017308127520.000000, -514713899147.150330 ] 
[ -219358017308127520.000000, -51081407069150160.000000, -133686343409.288361 ] 
[ -514713899147.150330, -133686343409.288361, 167414340065173120.000000 ] 
vertexline variance is negative: -9130273502391.117188
ref-point=(-24.415478,-11.892818,-4.325801)
pos=(-24.418686,-11.894376,-4.326399) at t=0.003606
err=
[ -667741839277170176.000000, -219358017308127520.000000, -514713899147.150330 ] 
[ -219358017308127520.000000, -51081407069150160.000000, -133686343409.288361 ] 
[ -514713899147.150330, -133686343409.288361, 167414340065173120.000000 ] 
vertexline variance is negative: -9013730194006.816406
ref-point=(-24.415478,-11.892818,-4.325801)
pos=(-24.412293,-11.891261,-4.325203) at t=-0.003606
err=
[ -667741839277170176.000000, -219358017308127520.000000, -514713899147.150330 ] 
[ -219358017308127520.000000, -51081407069150160.000000, -133686343409.288361 ] 
[ -514713899147.150330, -133686343409.288361, 167414340065173120.000000 ] 
vertexline variance is negative: -908382544711338.125000
ref-point=(-24.415478,-11.892818,-4.325801)
pos=(-24.447468,-11.908395,-4.331780) at t=0.036070
err=
[ -667741839277170176.000000, -219358017308127520.000000, -514713899147.150330 ] 
[ -219358017308127520.000000, -51081407069150160.000000, -133686343409.288361 ] 
[ -514713899147.150330, -133686343409.288361, 167414340065173120.000000 ] 
vertexline variance is negative: -906000108011461.625000
ref-point=(-24.415478,-11.892818,-4.325801)
pos=(-24.383532,-11.877252,-4.319827) at t=-0.036045
err=
[ -667741839277170176.000000, -219358017308127520.000000, -514713899147.150330 ] 
[ -219358017308127520.000000, -51081407069150160.000000, -133686343409.288361 ] 
[ -514713899147.150330, -133686343409.288361, 167414340065173120.000000 ] 
vertexline variance is negative: -91340553627588672.000000
ref-point=(-24.415478,-11.892818,-4.325801)
pos=(-24.736251,-12.049062,-4.385768) at t=0.361796
err=
[ -667741839277170176.000000, -219358017308127520.000000, -514713899147.150330 ] 
[ -219358017308127520.000000, -51081407069150160.000000, -133686343409.288361 ] 
[ -514713899147.150330, -133686343409.288361, 167414340065173120.000000 ] 
vertexline variance is negative: -90099725780900688.000000
ref-point=(-24.415478,-11.892818,-4.325801)
pos=(-24.096893,-11.737630,-4.266239) at t=-0.359353
err=
[ -667741839277170176.000000, -219358017308127520.000000, -514713899147.150330 ] 
[ -219358017308127520.000000, -51081407069150160.000000, -133686343409.288361 ] 
