Error in <TSystem::ExpandFileName>: input: $HOME/.root.mimes, output: $HOME/.root.mimes
Info in <TGeoManager::TGeoManager>: Geometry default, Detector Geometry created
Info in <TGeoManager::SetTopVolume>: Top volume is world_volume. Master volume is world_volume
Info in <TGeoNavigator::BuildCache>: --- Maximum geometry depth set to 100
++++++++++++++++++++++++++++++++++++++++++++++++++++++++++++++++++++++++++++++++++++++++++++++++++++++++++++++++++++++++++++++
++  The usage of the factory: "Beampipe_o1_v01" is DEPRECATED due to naming conventions.                                    ++
++  Please use "DD4hep_Beampipe_o1_v01" instead.                                                                            ++
++++++++++++++++++++++++++++++++++++++++++++++++++++++++++++++++++++++++++++++++++++++++++++++++++++++++++++++++++++++++++++++
Info in <TGeoManager::CheckGeometry>: Fixing runtime shapes...
Info in <TGeoManager::CheckGeometry>: ...Nothing to fix
Info in <TGeoManager::CloseGeometry>: Counting nodes...
Info in <TGeoManager::Voxelize>: Voxelizing...
Info in <TGeoManager::CloseGeometry>: Building cache...
Info in <TGeoManager::CountLevels>: max level = 5, max placements = 1044
Info in <TGeoManager::CloseGeometry>: 411734 nodes/ 5904 volume UID's in Detector Geometry
Info in <TGeoManager::CloseGeometry>: ----------------modeler ready----------------
vertexline variance is negative: -1307782050410797312.000000
ref-point=(-0.059843,0.263670,0.198600)
pos=(-0.222810,0.981708,0.143047) at t=0.738392
err=
[ -26390081871918624768.000000, 2221884321165899264.000000, 11997445709.739782 ] 
[ 2221884321165899264.000000, -168577722109961248.000000, -877997338.669170 ] 
[ 11997445709.739782, -877997338.669170, 1101426.981344 ] 
vertexline variance is negative: -1308041318255281664.000000
ref-point=(-0.059843,0.263670,0.198600)
pos=(-0.222826,0.981779,0.143041) at t=0.738465
err=
[ -26390081871918624768.000000, 2221884321165899264.000000, 11997445709.739782 ] 
[ 2221884321165899264.000000, -168577722109961248.000000, -877997338.669170 ] 
[ 11997445709.739782, -877997338.669170, 1101426.981344 ] 
vertexline variance is negative: -1307523799258719488.000000
ref-point=(-0.059843,0.263670,0.198600)
pos=(-0.222794,0.981637,0.143052) at t=0.738319
err=
[ -26390081871918624768.000000, 2221884321165899264.000000, 11997445709.739782 ] 
[ 2221884321165899264.000000, -168577722109961248.000000, -877997338.669170 ] 
[ 11997445709.739782, -877997338.669170, 1101426.981344 ] 
vertexline variance is negative: -1307782050410797312.000000
ref-point=(-0.059843,0.263670,0.198600)
pos=(-0.222810,0.981708,0.143047) at t=0.738392
err=
[ -26390081871918624768.000000, 2221884321165899264.000000, 11997445709.739782 ] 
[ 2221884321165899264.000000, -168577722109961248.000000, -877997338.669170 ] 
[ 11997445709.739782, -877997338.669170, 1101426.981344 ] 
vertexline variance is negative: -1308041318255281664.000000
ref-point=(-0.059843,0.263670,0.198600)
pos=(-0.222826,0.981779,0.143041) at t=0.738465
err=
[ -26390081871918624768.000000, 2221884321165899264.000000, 11997445709.739782 ] 
[ 2221884321165899264.000000, -168577722109961248.000000, -877997338.669170 ] 
[ 11997445709.739782, -877997338.669170, 1101426.981344 ] 
vertexline variance is negative: -1307523799258719488.000000
ref-point=(-0.059843,0.263670,0.198600)
pos=(-0.222794,0.981637,0.143052) at t=0.738319
err=
[ -26390081871918624768.000000, 2221884321165899264.000000, 11997445709.739782 ] 
[ 2221884321165899264.000000, -168577722109961248.000000, -877997338.669170 ] 
[ 11997445709.739782, -877997338.669170, 1101426.981344 ] 
vertexline variance is negative: -1310420529097810176.000000
ref-point=(-0.059843,0.263670,0.198600)
pos=(-0.222974,0.982432,0.142991) at t=0.739136
err=
[ -26390081871918624768.000000, 2221884321165899264.000000, 11997445709.739782 ] 
[ 2221884321165899264.000000, -168577722109961248.000000, -877997338.669170 ] 
[ 11997445709.739782, -877997338.669170, 1101426.981344 ] 
vertexline variance is negative: -1305245242082681344.000000
ref-point=(-0.059843,0.263670,0.198600)
pos=(-0.222651,0.981011,0.143101) at t=0.737675
err=
[ -26390081871918624768.000000, 2221884321165899264.000000, 11997445709.739782 ] 
[ 2221884321165899264.000000, -168577722109961248.000000, -877997338.669170 ] 
[ 11997445709.739782, -877997338.669170, 1101426.981344 ] 
vertexline variance is negative: -1338795182838971648.000000
ref-point=(-0.059843,0.263670,0.198600)
pos=(-0.224731,0.990172,0.142392) at t=0.747096
err=
[ -26390081871918624768.000000, 2221884321165899264.000000, 11997445709.739782 ] 
[ 2221884321165899264.000000, -168577722109961248.000000, -877997338.669170 ] 
[ 11997445709.739782, -877997338.669170, 1101426.981344 ] 
vertexline variance is negative: -1286945248293319680.000000
ref-point=(-0.059843,0.263670,0.198600)
pos=(-0.221506,0.975965,0.143491) at t=0.732486
err=
[ -26390081871918624768.000000, 2221884321165899264.000000, 11997445709.739782 ] 
[ 2221884321165899264.000000, -168577722109961248.000000, -877997338.669170 ] 
[ 11997445709.739782, -877997338.669170, 1101426.981344 ] 
vertexline variance is negative: -2170850822233819648.000000
ref-point=(-0.059843,0.263670,0.198600)
pos=(-0.269808,1.188783,0.127026) at t=0.951337
err=
[ -26390081871918624768.000000, 2221884321165899264.000000, 11997445709.739782 ] 
[ 2221884321165899264.000000, -168577722109961248.000000, -877997338.669170 ] 
[ 11997445709.739782, -877997338.669170, 1101426.981344 ] 
vertexline variance is negative: -1555288456902832896.000000
ref-point=(-0.059843,0.263670,0.198600)
pos=(-0.237563,1.046712,0.138017) at t=0.805239
err=
[ -26390081871918624768.000000, 2221884321165899264.000000, 11997445709.739782 ] 
[ 2221884321165899264.000000, -168577722109961248.000000, -877997338.669170 ] 
[ 11997445709.739782, -877997338.669170, 1101426.981344 ] 
vertexline variance is negative: -572655504397333037056.000000
ref-point=(-0.059843,0.263670,0.198600)
pos=(-3.470031,15.289080,-0.963879) at t=15.451333
err=
[ -26390081871918624768.000000, 2221884321165899264.000000, 11997445709.739782 ] 
[ 2221884321165899264.000000, -168577722109961248.000000, -877997338.669170 ] 
[ 11997445709.739782, -877997338.669170, 1101426.981344 ] 
vertexline variance is negative: -469572575721953361920.000000
ref-point=(-0.059843,0.263670,0.198600)
pos=(-3.147884,13.869686,-0.854064) at t=13.991703
err=
[ -26390081871918624768.000000, 2221884321165899264.000000, 11997445709.739782 ] 
[ 2221884321165899264.000000, -168577722109961248.000000, -877997338.669170 ] 
[ 11997445709.739782, -877997338.669170, 1101426.981344 ] 
vertexline variance is negative: -1307782050410797312.000000
ref-point=(-0.059843,0.263670,0.198600)
pos=(-0.222810,0.981708,0.143047) at t=0.738392
err=
[ -26390081871918624768.000000, 2221884321165899264.000000, 11997445709.739782 ] 
[ 2221884321165899264.000000, -168577722109961248.000000, -877997338.669170 ] 
[ 11997445709.739782, -877997338.669170, 1101426.981344 ] 
vertexline variance is negative: -1308961535621337856.000000
ref-point=(-0.059743,0.263670,0.198600)
pos=(-0.222810,0.981708,0.143047) at t=0.738392
err=
[ -26390081871918624768.000000, 2221884321165899264.000000, 11997445709.739782 ] 
[ 2221884321165899264.000000, -168577722109961248.000000, -877997338.669170 ] 
[ 11997445709.739782, -877997338.669170, 1101426.981344 ] 
vertexline variance is negative: -1309220920350366208.000000
ref-point=(-0.059743,0.263670,0.198600)
pos=(-0.222826,0.981779,0.143041) at t=0.738465
err=
[ -26390081871918624768.000000, 2221884321165899264.000000, 11997445709.739782 ] 
[ 2221884321165899264.000000, -168577722109961248.000000, -877997338.669170 ] 
[ 11997445709.739782, -877997338.669170, 1101426.981344 ] 
vertexline variance is negative: -1308703168031549184.000000
ref-point=(-0.059743,0.263670,0.198600)
pos=(-0.222794,0.981637,0.143052) at t=0.738319
err=
[ -26390081871918624768.000000, 2221884321165899264.000000, 11997445709.739782 ] 
[ 2221884321165899264.000000, -168577722109961248.000000, -877997338.669170 ] 
[ 11997445709.739782, -877997338.669170, 1101426.981344 ] 
vertexline variance is negative: -1308961535621337856.000000
ref-point=(-0.059743,0.263670,0.198600)
pos=(-0.222810,0.981708,0.143047) at t=0.738392
err=
[ -26390081871918624768.000000, 2221884321165899264.000000, 11997445709.739782 ] 
[ 2221884321165899264.000000, -168577722109961248.000000, -877997338.669170 ] 
[ 11997445709.739782, -877997338.669170, 1101426.981344 ] 
vertexline variance is negative: -1309220920350366208.000000
ref-point=(-0.059743,0.263670,0.198600)
pos=(-0.222826,0.981779,0.143041) at t=0.738465
err=
[ -26390081871918624768.000000, 2221884321165899264.000000, 11997445709.739782 ] 
[ 2221884321165899264.000000, -168577722109961248.000000, -877997338.669170 ] 
[ 11997445709.739782, -877997338.669170, 1101426.981344 ] 
vertexline variance is negative: -1308703168031549184.000000
ref-point=(-0.059743,0.263670,0.198600)
pos=(-0.222794,0.981637,0.143052) at t=0.738319
err=
[ -26390081871918624768.000000, 2221884321165899264.000000, 11997445709.739782 ] 
[ 2221884321165899264.000000, -168577722109961248.000000, -877997338.669170 ] 
[ 11997445709.739782, -877997338.669170, 1101426.981344 ] 
vertexline variance is negative: -1311601203261269248.000000
ref-point=(-0.059743,0.263670,0.198600)
pos=(-0.222974,0.982432,0.142991) at t=0.739136
err=
[ -26390081871918624768.000000, 2221884321165899264.000000, 11997445709.739782 ] 
[ 2221884321165899264.000000, -168577722109961248.000000, -877997338.669170 ] 
[ 11997445709.739782, -877997338.669170, 1101426.981344 ] 
vertexline variance is negative: -1306423583023602432.000000
ref-point=(-0.059743,0.263670,0.198600)
pos=(-0.222651,0.981011,0.143101) at t=0.737675
err=
[ -26390081871918624768.000000, 2221884321165899264.000000, 11997445709.739782 ] 
[ 2221884321165899264.000000, -168577722109961248.000000, -877997338.669170 ] 
[ 11997445709.739782, -877997338.669170, 1101426.981344 ] 
vertexline variance is negative: -1339988568325945344.000000
ref-point=(-0.059743,0.263670,0.198600)
pos=(-0.224731,0.990172,0.142392) at t=0.747096
err=
[ -26390081871918624768.000000, 2221884321165899264.000000, 11997445709.739782 ] 
[ 2221884321165899264.000000, -168577722109961248.000000, -877997338.669170 ] 
[ 11997445709.739782, -877997338.669170, 1101426.981344 ] 
vertexline variance is negative: -1288115301557059584.000000
ref-point=(-0.059743,0.263670,0.198600)
pos=(-0.221506,0.975965,0.143491) at t=0.732486
err=
[ -26390081871918624768.000000, 2221884321165899264.000000, 11997445709.739782 ] 
[ 2221884321165899264.000000, -168577722109961248.000000, -877997338.669170 ] 
[ 11997445709.739782, -877997338.669170, 1101426.981344 ] 
vertexline variance is negative: -2172370382933463296.000000
ref-point=(-0.059743,0.263670,0.198600)
pos=(-0.269808,1.188783,0.127026) at t=0.951337
err=
[ -26390081871918624768.000000, 2221884321165899264.000000, 11997445709.739782 ] 
[ 2221884321165899264.000000, -168577722109961248.000000, -877997338.669170 ] 
[ 11997445709.739782, -877997338.669170, 1101426.981344 ] 
vertexline variance is negative: -1556574697524600064.000000
ref-point=(-0.059743,0.263670,0.198600)
pos=(-0.237563,1.046712,0.138017) at t=0.805239
err=
[ -26390081871918624768.000000, 2221884321165899264.000000, 11997445709.739782 ] 
[ 2221884321165899264.000000, -168577722109961248.000000, -877997338.669170 ] 
[ 11997445709.739782, -877997338.669170, 1101426.981344 ] 
vertexline variance is negative: -572680180637982654464.000000
ref-point=(-0.059743,0.263670,0.198600)
pos=(-3.470031,15.289080,-0.963879) at t=15.451333
err=
[ -26390081871918624768.000000, 2221884321165899264.000000, 11997445709.739782 ] 
[ 2221884321165899264.000000, -168577722109961248.000000, -877997338.669170 ] 
[ 11997445709.739782, -877997338.669170, 1101426.981344 ] 
vertexline variance is negative: -469594920915680428032.000000
ref-point=(-0.059743,0.263670,0.198600)
pos=(-3.147884,13.869686,-0.854064) at t=13.991703
err=
[ -26390081871918624768.000000, 2221884321165899264.000000, 11997445709.739782 ] 
[ 2221884321165899264.000000, -168577722109961248.000000, -877997338.669170 ] 
[ 11997445709.739782, -877997338.669170, 1101426.981344 ] 
vertexline variance is negative: -1308961535621337856.000000
ref-point=(-0.059743,0.263670,0.198600)
pos=(-0.222810,0.981708,0.143047) at t=0.738392
err=
[ -26390081871918624768.000000, 2221884321165899264.000000, 11997445709.739782 ] 
[ 2221884321165899264.000000, -168577722109961248.000000, -877997338.669170 ] 
[ 11997445709.739782, -877997338.669170, 1101426.981344 ] 
vertexline variance is negative: -1306603093001893888.000000
ref-point=(-0.059943,0.263670,0.198600)
pos=(-0.222810,0.981708,0.143047) at t=0.738392
err=
[ -26390081871918624768.000000, 2221884321165899264.000000, 11997445709.739782 ] 
[ 2221884321165899264.000000, -168577722109961248.000000, -877997338.669170 ] 
[ 11997445709.739782, -877997338.669170, 1101426.981344 ] 
vertexline variance is negative: -1306862243961834496.000000
ref-point=(-0.059943,0.263670,0.198600)
pos=(-0.222826,0.981779,0.143041) at t=0.738465
err=
[ -26390081871918624768.000000, 2221884321165899264.000000, 11997445709.739782 ] 
[ 2221884321165899264.000000, -168577722109961248.000000, -877997338.669170 ] 
[ 11997445709.739782, -877997338.669170, 1101426.981344 ] 
vertexline variance is negative: -1306344958287527168.000000
ref-point=(-0.059943,0.263670,0.198600)
pos=(-0.222794,0.981637,0.143052) at t=0.738319
err=
[ -26390081871918624768.000000, 2221884321165899264.000000, 11997445709.739782 ] 
[ 2221884321165899264.000000, -168577722109961248.000000, -877997338.669170 ] 
[ 11997445709.739782, -877997338.669170, 1101426.981344 ] 
vertexline variance is negative: -1306603093001893888.000000
ref-point=(-0.059943,0.263670,0.198600)
pos=(-0.222810,0.981708,0.143047) at t=0.738392
err=
[ -26390081871918624768.000000, 2221884321165899264.000000, 11997445709.739782 ] 
[ 2221884321165899264.000000, -168577722109961248.000000, -877997338.669170 ] 
[ 11997445709.739782, -877997338.669170, 1101426.981344 ] 
vertexline variance is negative: -1306862243961834496.000000
ref-point=(-0.059943,0.263670,0.198600)
pos=(-0.222826,0.981779,0.143041) at t=0.738465
err=
[ -26390081871918624768.000000, 2221884321165899264.000000, 11997445709.739782 ] 
[ 2221884321165899264.000000, -168577722109961248.000000, -877997338.669170 ] 
[ 11997445709.739782, -877997338.669170, 1101426.981344 ] 
vertexline variance is negative: -1306344958287527168.000000
ref-point=(-0.059943,0.263670,0.198600)
pos=(-0.222794,0.981637,0.143052) at t=0.738319
err=
[ -26390081871918624768.000000, 2221884321165899264.000000, 11997445709.739782 ] 
[ 2221884321165899264.000000, -168577722109961248.000000, -877997338.669170 ] 
[ 11997445709.739782, -877997338.669170, 1101426.981344 ] 
vertexline variance is negative: -1309240382735988480.000000
ref-point=(-0.059943,0.263670,0.198600)
pos=(-0.222974,0.982432,0.142991) at t=0.739136
err=
[ -26390081871918624768.000000, 2221884321165899264.000000, 11997445709.739782 ] 
[ 2221884321165899264.000000, -168577722109961248.000000, -877997338.669170 ] 
[ 11997445709.739782, -877997338.669170, 1101426.981344 ] 
vertexline variance is negative: -1304067428943397632.000000
ref-point=(-0.059943,0.263670,0.198600)
pos=(-0.222651,0.981011,0.143101) at t=0.737675
err=
[ -26390081871918624768.000000, 2221884321165899264.000000, 11997445709.739782 ] 
[ 2221884321165899264.000000, -168577722109961248.000000, -877997338.669170 ] 
[ 11997445709.739782, -877997338.669170, 1101426.981344 ] 
vertexline variance is negative: -1337602325153634816.000000
ref-point=(-0.059943,0.263670,0.198600)
pos=(-0.224731,0.990172,0.142392) at t=0.747096
err=
[ -26390081871918624768.000000, 2221884321165899264.000000, 11997445709.739782 ] 
[ 2221884321165899264.000000, -168577722109961248.000000, -877997338.669170 ] 
[ 11997445709.739782, -877997338.669170, 1101426.981344 ] 
vertexline variance is negative: -1285775722831217408.000000
ref-point=(-0.059943,0.263670,0.198600)
pos=(-0.221506,0.975965,0.143491) at t=0.732486
err=
[ -26390081871918624768.000000, 2221884321165899264.000000, 11997445709.739782 ] 
[ 2221884321165899264.000000, -168577722109961248.000000, -877997338.669170 ] 
[ 11997445709.739782, -877997338.669170, 1101426.981344 ] 
vertexline variance is negative: -2169331789335813632.000000
ref-point=(-0.059943,0.263670,0.198600)
pos=(-0.269808,1.188783,0.127026) at t=0.951337
err=
[ -26390081871918624768.000000, 2221884321165899264.000000, 11997445709.739782 ] 
[ 2221884321165899264.000000, -168577722109961248.000000, -877997338.669170 ] 
[ 11997445709.739782, -877997338.669170, 1101426.981344 ] 
vertexline variance is negative: -1554002744082703104.000000
ref-point=(-0.059943,0.263670,0.198600)
pos=(-0.237563,1.046712,0.138017) at t=0.805239
err=
[ -26390081871918624768.000000, 2221884321165899264.000000, 11997445709.739782 ] 
[ 2221884321165899264.000000, -168577722109961248.000000, -877997338.669170 ] 
[ 11997445709.739782, -877997338.669170, 1101426.981344 ] 
vertexline variance is negative: -572630828684485001216.000000
ref-point=(-0.059943,0.263670,0.198600)
pos=(-3.470031,15.289080,-0.963879) at t=15.451333
err=
[ -26390081871918624768.000000, 2221884321165899264.000000, 11997445709.739782 ] 
[ 2221884321165899264.000000, -168577722109961248.000000, -877997338.669170 ] 
[ 11997445709.739782, -877997338.669170, 1101426.981344 ] 
vertexline variance is negative: -469550231056028073984.000000
ref-point=(-0.059943,0.263670,0.198600)
pos=(-3.147884,13.869686,-0.854064) at t=13.991703
err=
[ -26390081871918624768.000000, 2221884321165899264.000000, 11997445709.739782 ] 
[ 2221884321165899264.000000, -168577722109961248.000000, -877997338.669170 ] 
[ 11997445709.739782, -877997338.669170, 1101426.981344 ] 
vertexline variance is negative: -1306603093001893888.000000
ref-point=(-0.059943,0.263670,0.198600)
pos=(-0.222810,0.981708,0.143047) at t=0.738392
err=
[ -26390081871918624768.000000, 2221884321165899264.000000, 11997445709.739782 ] 
[ 2221884321165899264.000000, -168577722109961248.000000, -877997338.669170 ] 
[ 11997445709.739782, -877997338.669170, 1101426.981344 ] 
vertexline variance is negative: -1307685424344748544.000000
ref-point=(-0.059843,0.263770,0.198600)
pos=(-0.222810,0.981708,0.143047) at t=0.738392
err=
[ -26390081871918624768.000000, 2221884321165899264.000000, 11997445709.739782 ] 
[ 2221884321165899264.000000, -168577722109961248.000000, -877997338.669170 ] 
[ 11997445709.739782, -877997338.669170, 1101426.981344 ] 
vertexline variance is negative: -1307944682611479808.000000
ref-point=(-0.059843,0.263770,0.198600)
pos=(-0.222826,0.981779,0.143041) at t=0.738465
err=
[ -26390081871918624768.000000, 2221884321165899264.000000, 11997445709.739782 ] 
[ 2221884321165899264.000000, -168577722109961248.000000, -877997338.669170 ] 
[ 11997445709.739782, -877997338.669170, 1101426.981344 ] 
vertexline variance is negative: -1307427182733809664.000000
ref-point=(-0.059843,0.263770,0.198600)
pos=(-0.222794,0.981637,0.143052) at t=0.738319
err=
[ -26390081871918624768.000000, 2221884321165899264.000000, 11997445709.739782 ] 
[ 2221884321165899264.000000, -168577722109961248.000000, -877997338.669170 ] 
[ 11997445709.739782, -877997338.669170, 1101426.981344 ] 
vertexline variance is negative: -1307685424344748544.000000
ref-point=(-0.059843,0.263770,0.198600)
pos=(-0.222810,0.981708,0.143047) at t=0.738392
err=
[ -26390081871918624768.000000, 2221884321165899264.000000, 11997445709.739782 ] 
[ 2221884321165899264.000000, -168577722109961248.000000, -877997338.669170 ] 
[ 11997445709.739782, -877997338.669170, 1101426.981344 ] 
vertexline variance is negative: -1307944682611479808.000000
ref-point=(-0.059843,0.263770,0.198600)
pos=(-0.222826,0.981779,0.143041) at t=0.738465
err=
[ -26390081871918624768.000000, 2221884321165899264.000000, 11997445709.739782 ] 
[ 2221884321165899264.000000, -168577722109961248.000000, -877997338.669170 ] 
[ 11997445709.739782, -877997338.669170, 1101426.981344 ] 
vertexline variance is negative: -1307427182733809664.000000
ref-point=(-0.059843,0.263770,0.198600)
pos=(-0.222794,0.981637,0.143052) at t=0.738319
err=
[ -26390081871918624768.000000, 2221884321165899264.000000, 11997445709.739782 ] 
[ 2221884321165899264.000000, -168577722109961248.000000, -877997338.669170 ] 
[ 11997445709.739782, -877997338.669170, 1101426.981344 ] 
vertexline variance is negative: -1310323805606582272.000000
ref-point=(-0.059843,0.263770,0.198600)
pos=(-0.222974,0.982432,0.142991) at t=0.739136
err=
[ -26390081871918624768.000000, 2221884321165899264.000000, 11997445709.739782 ] 
[ 2221884321165899264.000000, -168577722109961248.000000, -877997338.669170 ] 
[ 11997445709.739782, -877997338.669170, 1101426.981344 ] 
vertexline variance is negative: -1305148709780372992.000000
ref-point=(-0.059843,0.263770,0.198600)
pos=(-0.222651,0.981011,0.143101) at t=0.737675
err=
[ -26390081871918624768.000000, 2221884321165899264.000000, 11997445709.739782 ] 
[ 2221884321165899264.000000, -168577722109961248.000000, -877997338.669170 ] 
[ 11997445709.739782, -877997338.669170, 1101426.981344 ] 
vertexline variance is negative: -1338697417756479744.000000
ref-point=(-0.059843,0.263770,0.198600)
pos=(-0.224731,0.990172,0.142392) at t=0.747096
err=
[ -26390081871918624768.000000, 2221884321165899264.000000, 11997445709.739782 ] 
[ 2221884321165899264.000000, -168577722109961248.000000, -877997338.669170 ] 
[ 11997445709.739782, -877997338.669170, 1101426.981344 ] 
vertexline variance is negative: -1286849395099849728.000000
ref-point=(-0.059843,0.263770,0.198600)
pos=(-0.221506,0.975965,0.143491) at t=0.732486
err=
[ -26390081871918624768.000000, 2221884321165899264.000000, 11997445709.739782 ] 
[ 2221884321165899264.000000, -168577722109961248.000000, -877997338.669170 ] 
[ 11997445709.739782, -877997338.669170, 1101426.981344 ] 
vertexline variance is negative: -2170726329702254592.000000
ref-point=(-0.059843,0.263770,0.198600)
pos=(-0.269808,1.188783,0.127026) at t=0.951337
err=
[ -26390081871918624768.000000, 2221884321165899264.000000, 11997445709.739782 ] 
[ 2221884321165899264.000000, -168577722109961248.000000, -877997338.669170 ] 
[ 11997445709.739782, -877997338.669170, 1101426.981344 ] 
vertexline variance is negative: -1555183083084943616.000000
ref-point=(-0.059843,0.263770,0.198600)
pos=(-0.237563,1.046712,0.138017) at t=0.805239
err=
[ -26390081871918624768.000000, 2221884321165899264.000000, 11997445709.739782 ] 
[ 2221884321165899264.000000, -168577722109961248.000000, -877997338.669170 ] 
[ 11997445709.739782, -877997338.669170, 1101426.981344 ] 
vertexline variance is negative: -572653482400147505152.000000
ref-point=(-0.059843,0.263770,0.198600)
pos=(-3.470031,15.289080,-0.963879) at t=15.451333
err=
[ -26390081871918624768.000000, 2221884321165899264.000000, 11997445709.739782 ] 
[ 2221884321165899264.000000, -168577722109961248.000000, -877997338.669170 ] 
[ 11997445709.739782, -877997338.669170, 1101426.981344 ] 
vertexline variance is negative: -469570744735413305344.000000
ref-point=(-0.059843,0.263770,0.198600)
pos=(-3.147884,13.869686,-0.854064) at t=13.991703
err=
[ -26390081871918624768.000000, 2221884321165899264.000000, 11997445709.739782 ] 
[ 2221884321165899264.000000, -168577722109961248.000000, -877997338.669170 ] 
[ 11997445709.739782, -877997338.669170, 1101426.981344 ] 
vertexline variance is negative: -1307685424344748544.000000
ref-point=(-0.059843,0.263770,0.198600)
pos=(-0.222810,0.981708,0.143047) at t=0.738392
err=
[ -26390081871918624768.000000, 2221884321165899264.000000, 11997445709.739782 ] 
[ 2221884321165899264.000000, -168577722109961248.000000, -877997338.669170 ] 
[ 11997445709.739782, -877997338.669170, 1101426.981344 ] 
vertexline variance is negative: -1307878679848400640.000000
ref-point=(-0.059843,0.263570,0.198600)
pos=(-0.222810,0.981708,0.143047) at t=0.738392
err=
[ -26390081871918624768.000000, 2221884321165899264.000000, 11997445709.739782 ] 
[ 2221884321165899264.000000, -168577722109961248.000000, -877997338.669170 ] 
[ 11997445709.739782, -877997338.669170, 1101426.981344 ] 
vertexline variance is negative: -1308137957270638080.000000
ref-point=(-0.059843,0.263570,0.198600)
pos=(-0.222826,0.981779,0.143041) at t=0.738465
err=
[ -26390081871918624768.000000, 2221884321165899264.000000, 11997445709.739782 ] 
[ 2221884321165899264.000000, -168577722109961248.000000, -877997338.669170 ] 
[ 11997445709.739782, -877997338.669170, 1101426.981344 ] 
vertexline variance is negative: -1307620419155183872.000000
ref-point=(-0.059843,0.263570,0.198600)
pos=(-0.222794,0.981637,0.143052) at t=0.738319
err=
[ -26390081871918624768.000000, 2221884321165899264.000000, 11997445709.739782 ] 
[ 2221884321165899264.000000, -168577722109961248.000000, -877997338.669170 ] 
[ 11997445709.739782, -877997338.669170, 1101426.981344 ] 
vertexline variance is negative: -1307878679848400640.000000
ref-point=(-0.059843,0.263570,0.198600)
pos=(-0.222810,0.981708,0.143047) at t=0.738392
err=
[ -26390081871918624768.000000, 2221884321165899264.000000, 11997445709.739782 ] 
[ 2221884321165899264.000000, -168577722109961248.000000, -877997338.669170 ] 
[ 11997445709.739782, -877997338.669170, 1101426.981344 ] 
vertexline variance is negative: -1308137957270638080.000000
ref-point=(-0.059843,0.263570,0.198600)
pos=(-0.222826,0.981779,0.143041) at t=0.738465
err=
[ -26390081871918624768.000000, 2221884321165899264.000000, 11997445709.739782 ] 
[ 2221884321165899264.000000, -168577722109961248.000000, -877997338.669170 ] 
[ 11997445709.739782, -877997338.669170, 1101426.981344 ] 
vertexline variance is negative: -1307620419155183872.000000
ref-point=(-0.059843,0.263570,0.198600)
pos=(-0.222794,0.981637,0.143052) at t=0.738319
err=
[ -26390081871918624768.000000, 2221884321165899264.000000, 11997445709.739782 ] 
[ 2221884321165899264.000000, -168577722109961248.000000, -877997338.669170 ] 
[ 11997445709.739782, -877997338.669170, 1101426.981344 ] 
vertexline variance is negative: -1310517255960592896.000000
ref-point=(-0.059843,0.263570,0.198600)
pos=(-0.222974,0.982432,0.142991) at t=0.739136
err=
[ -26390081871918624768.000000, 2221884321165899264.000000, 11997445709.739782 ] 
[ 2221884321165899264.000000, -168577722109961248.000000, -877997338.669170 ] 
[ 11997445709.739782, -877997338.669170, 1101426.981344 ] 
vertexline variance is negative: -1305341777756544000.000000
ref-point=(-0.059843,0.263570,0.198600)
pos=(-0.222651,0.981011,0.143101) at t=0.737675
err=
[ -26390081871918624768.000000, 2221884321165899264.000000, 11997445709.739782 ] 
[ 2221884321165899264.000000, -168577722109961248.000000, -877997338.669170 ] 
[ 11997445709.739782, -877997338.669170, 1101426.981344 ] 
vertexline variance is negative: -1338892951293017344.000000
ref-point=(-0.059843,0.263570,0.198600)
pos=(-0.224731,0.990172,0.142392) at t=0.747096
err=
[ -26390081871918624768.000000, 2221884321165899264.000000, 11997445709.739782 ] 
[ 2221884321165899264.000000, -168577722109961248.000000, -877997338.669170 ] 
[ 11997445709.739782, -877997338.669170, 1101426.981344 ] 
vertexline variance is negative: -1287041104858344192.000000
ref-point=(-0.059843,0.263570,0.198600)
pos=(-0.221506,0.975965,0.143491) at t=0.732486
err=
[ -26390081871918624768.000000, 2221884321165899264.000000, 11997445709.739782 ] 
[ 2221884321165899264.000000, -168577722109961248.000000, -877997338.669170 ] 
[ 11997445709.739782, -877997338.669170, 1101426.981344 ] 
vertexline variance is negative: -2170975318136939008.000000
ref-point=(-0.059843,0.263570,0.198600)
pos=(-0.269808,1.188783,0.127026) at t=0.951337
err=
[ -26390081871918624768.000000, 2221884321165899264.000000, 11997445709.739782 ] 
[ 2221884321165899264.000000, -168577722109961248.000000, -877997338.669170 ] 
[ 11997445709.739782, -877997338.669170, 1101426.981344 ] 
vertexline variance is negative: -1555393834092276224.000000
ref-point=(-0.059843,0.263570,0.198600)
pos=(-0.237563,1.046712,0.138017) at t=0.805239
err=
[ -26390081871918624768.000000, 2221884321165899264.000000, 11997445709.739782 ] 
[ 2221884321165899264.000000, -168577722109961248.000000, -877997338.669170 ] 
[ 11997445709.739782, -877997338.669170, 1101426.981344 ] 
vertexline variance is negative: -572657526397890199552.000000
ref-point=(-0.059843,0.263570,0.198600)
pos=(-3.470031,15.289080,-0.963879) at t=15.451333
err=
[ -26390081871918624768.000000, 2221884321165899264.000000, 11997445709.739782 ] 
[ 2221884321165899264.000000, -168577722109961248.000000, -877997338.669170 ] 
[ 11997445709.739782, -877997338.669170, 1101426.981344 ] 
vertexline variance is negative: -469574406711865114624.000000
ref-point=(-0.059843,0.263570,0.198600)
pos=(-3.147884,13.869686,-0.854064) at t=13.991703
err=
[ -26390081871918624768.000000, 2221884321165899264.000000, 11997445709.739782 ] 
[ 2221884321165899264.000000, -168577722109961248.000000, -877997338.669170 ] 
[ 11997445709.739782, -877997338.669170, 1101426.981344 ] 
vertexline variance is negative: -1307878679848400640.000000
ref-point=(-0.059843,0.263570,0.198600)
pos=(-0.222810,0.981708,0.143047) at t=0.738392
err=
[ -26390081871918624768.000000, 2221884321165899264.000000, 11997445709.739782 ] 
[ 2221884321165899264.000000, -168577722109961248.000000, -877997338.669170 ] 
[ 11997445709.739782, -877997338.669170, 1101426.981344 ] 
vertexline variance is negative: -1307782050410280448.000000
ref-point=(-0.059843,0.263670,0.198700)
pos=(-0.222810,0.981708,0.143047) at t=0.738392
err=
[ -26390081871918624768.000000, 2221884321165899264.000000, 11997445709.739782 ] 
[ 2221884321165899264.000000, -168577722109961248.000000, -877997338.669170 ] 
[ 11997445709.739782, -877997338.669170, 1101426.981344 ] 
vertexline variance is negative: -1308041318254764288.000000
ref-point=(-0.059843,0.263670,0.198700)
pos=(-0.222826,0.981779,0.143041) at t=0.738465
err=
[ -26390081871918624768.000000, 2221884321165899264.000000, 11997445709.739782 ] 
[ 2221884321165899264.000000, -168577722109961248.000000, -877997338.669170 ] 
[ 11997445709.739782, -877997338.669170, 1101426.981344 ] 
vertexline variance is negative: -1307523799258202624.000000
ref-point=(-0.059843,0.263670,0.198700)
pos=(-0.222794,0.981637,0.143052) at t=0.738319
err=
[ -26390081871918624768.000000, 2221884321165899264.000000, 11997445709.739782 ] 
[ 2221884321165899264.000000, -168577722109961248.000000, -877997338.669170 ] 
[ 11997445709.739782, -877997338.669170, 1101426.981344 ] 
vertexline variance is negative: -1307782050410280448.000000
ref-point=(-0.059843,0.263670,0.198700)
pos=(-0.222810,0.981708,0.143047) at t=0.738392
err=
[ -26390081871918624768.000000, 2221884321165899264.000000, 11997445709.739782 ] 
[ 2221884321165899264.000000, -168577722109961248.000000, -877997338.669170 ] 
[ 11997445709.739782, -877997338.669170, 1101426.981344 ] 
vertexline variance is negative: -1308041318254764288.000000
ref-point=(-0.059843,0.263670,0.198700)
pos=(-0.222826,0.981779,0.143041) at t=0.738465
err=
[ -26390081871918624768.000000, 2221884321165899264.000000, 11997445709.739782 ] 
[ 2221884321165899264.000000, -168577722109961248.000000, -877997338.669170 ] 
[ 11997445709.739782, -877997338.669170, 1101426.981344 ] 
vertexline variance is negative: -1307523799258202624.000000
ref-point=(-0.059843,0.263670,0.198700)
pos=(-0.222794,0.981637,0.143052) at t=0.738319
err=
[ -26390081871918624768.000000, 2221884321165899264.000000, 11997445709.739782 ] 
[ 2221884321165899264.000000, -168577722109961248.000000, -877997338.669170 ] 
[ 11997445709.739782, -877997338.669170, 1101426.981344 ] 
vertexline variance is negative: -1310420529097292800.000000
ref-point=(-0.059843,0.263670,0.198700)
pos=(-0.222974,0.982432,0.142991) at t=0.739136
err=
[ -26390081871918624768.000000, 2221884321165899264.000000, 11997445709.739782 ] 
[ 2221884321165899264.000000, -168577722109961248.000000, -877997338.669170 ] 
[ 11997445709.739782, -877997338.669170, 1101426.981344 ] 
vertexline variance is negative: -1305245242082164736.000000
ref-point=(-0.059843,0.263670,0.198700)
pos=(-0.222651,0.981011,0.143101) at t=0.737675
err=
[ -26390081871918624768.000000, 2221884321165899264.000000, 11997445709.739782 ] 
[ 2221884321165899264.000000, -168577722109961248.000000, -877997338.669170 ] 
[ 11997445709.739782, -877997338.669170, 1101426.981344 ] 
vertexline variance is negative: -1338795182838448128.000000
ref-point=(-0.059843,0.263670,0.198700)
pos=(-0.224731,0.990172,0.142392) at t=0.747096
err=
[ -26390081871918624768.000000, 2221884321165899264.000000, 11997445709.739782 ] 
[ 2221884321165899264.000000, -168577722109961248.000000, -877997338.669170 ] 
[ 11997445709.739782, -877997338.669170, 1101426.981344 ] 
vertexline variance is negative: -1286945248292806656.000000
ref-point=(-0.059843,0.263670,0.198700)
pos=(-0.221506,0.975965,0.143491) at t=0.732486
err=
[ -26390081871918624768.000000, 2221884321165899264.000000, 11997445709.739782 ] 
[ 2221884321165899264.000000, -168577722109961248.000000, -877997338.669170 ] 
[ 11997445709.739782, -877997338.669170, 1101426.981344 ] 
vertexline variance is negative: -2170850822233153280.000000
ref-point=(-0.059843,0.263670,0.198700)
pos=(-0.269808,1.188783,0.127026) at t=0.951337
err=
[ -26390081871918624768.000000, 2221884321165899264.000000, 11997445709.739782 ] 
[ 2221884321165899264.000000, -168577722109961248.000000, -877997338.669170 ] 
[ 11997445709.739782, -877997338.669170, 1101426.981344 ] 
vertexline variance is negative: -1555288456902268672.000000
ref-point=(-0.059843,0.263670,0.198700)
pos=(-0.237563,1.046712,0.138017) at t=0.805239
err=
[ -26390081871918624768.000000, 2221884321165899264.000000, 11997445709.739782 ] 
[ 2221884321165899264.000000, -168577722109961248.000000, -877997338.669170 ] 
[ 11997445709.739782, -877997338.669170, 1101426.981344 ] 
vertexline variance is negative: -572655504397322223616.000000
ref-point=(-0.059843,0.263670,0.198700)
pos=(-3.470031,15.289080,-0.963879) at t=15.451333
err=
[ -26390081871918624768.000000, 2221884321165899264.000000, 11997445709.739782 ] 
[ 2221884321165899264.000000, -168577722109961248.000000, -877997338.669170 ] 
[ 11997445709.739782, -877997338.669170, 1101426.981344 ] 
vertexline variance is negative: -469572575721943597056.000000
ref-point=(-0.059843,0.263670,0.198700)
pos=(-3.147884,13.869686,-0.854064) at t=13.991703
err=
[ -26390081871918624768.000000, 2221884321165899264.000000, 11997445709.739782 ] 
[ 2221884321165899264.000000, -168577722109961248.000000, -877997338.669170 ] 
[ 11997445709.739782, -877997338.669170, 1101426.981344 ] 
vertexline variance is negative: -1307782050410280448.000000
ref-point=(-0.059843,0.263670,0.198700)
pos=(-0.222810,0.981708,0.143047) at t=0.738392
err=
[ -26390081871918624768.000000, 2221884321165899264.000000, 11997445709.739782 ] 
[ 2221884321165899264.000000, -168577722109961248.000000, -877997338.669170 ] 
[ 11997445709.739782, -877997338.669170, 1101426.981344 ] 
vertexline variance is negative: -1307782050411314688.000000
ref-point=(-0.059843,0.263670,0.198500)
pos=(-0.222810,0.981708,0.143047) at t=0.738392
err=
[ -26390081871918624768.000000, 2221884321165899264.000000, 11997445709.739782 ] 
[ 2221884321165899264.000000, -168577722109961248.000000, -877997338.669170 ] 
[ 11997445709.739782, -877997338.669170, 1101426.981344 ] 
vertexline variance is negative: -1308041318255798784.000000
ref-point=(-0.059843,0.263670,0.198500)
pos=(-0.222826,0.981779,0.143041) at t=0.738465
err=
[ -26390081871918624768.000000, 2221884321165899264.000000, 11997445709.739782 ] 
[ 2221884321165899264.000000, -168577722109961248.000000, -877997338.669170 ] 
[ 11997445709.739782, -877997338.669170, 1101426.981344 ] 
vertexline variance is negative: -1307523799259236608.000000
ref-point=(-0.059843,0.263670,0.198500)
pos=(-0.222794,0.981637,0.143052) at t=0.738319
err=
[ -26390081871918624768.000000, 2221884321165899264.000000, 11997445709.739782 ] 
[ 2221884321165899264.000000, -168577722109961248.000000, -877997338.669170 ] 
[ 11997445709.739782, -877997338.669170, 1101426.981344 ] 
vertexline variance is negative: -1307782050411314688.000000
ref-point=(-0.059843,0.263670,0.198500)
pos=(-0.222810,0.981708,0.143047) at t=0.738392
err=
[ -26390081871918624768.000000, 2221884321165899264.000000, 11997445709.739782 ] 
[ 2221884321165899264.000000, -168577722109961248.000000, -877997338.669170 ] 
[ 11997445709.739782, -877997338.669170, 1101426.981344 ] 
vertexline variance is negative: -1308041318255798784.000000
ref-point=(-0.059843,0.263670,0.198500)
pos=(-0.222826,0.981779,0.143041) at t=0.738465
err=
[ -26390081871918624768.000000, 2221884321165899264.000000, 11997445709.739782 ] 
[ 2221884321165899264.000000, -168577722109961248.000000, -877997338.669170 ] 
[ 11997445709.739782, -877997338.669170, 1101426.981344 ] 
vertexline variance is negative: -1307523799259236608.000000
ref-point=(-0.059843,0.263670,0.198500)
pos=(-0.222794,0.981637,0.143052) at t=0.738319
err=
[ -26390081871918624768.000000, 2221884321165899264.000000, 11997445709.739782 ] 
[ 2221884321165899264.000000, -168577722109961248.000000, -877997338.669170 ] 
[ 11997445709.739782, -877997338.669170, 1101426.981344 ] 
vertexline variance is negative: -1310420529098328064.000000
ref-point=(-0.059843,0.263670,0.198500)
pos=(-0.222974,0.982432,0.142991) at t=0.739136
err=
[ -26390081871918624768.000000, 2221884321165899264.000000, 11997445709.739782 ] 
[ 2221884321165899264.000000, -168577722109961248.000000, -877997338.669170 ] 
[ 11997445709.739782, -877997338.669170, 1101426.981344 ] 
vertexline variance is negative: -1305245242083197952.000000
ref-point=(-0.059843,0.263670,0.198500)
pos=(-0.222651,0.981011,0.143101) at t=0.737675
err=
[ -26390081871918624768.000000, 2221884321165899264.000000, 11997445709.739782 ] 
[ 2221884321165899264.000000, -168577722109961248.000000, -877997338.669170 ] 
[ 11997445709.739782, -877997338.669170, 1101426.981344 ] 
vertexline variance is negative: -1338795182839494912.000000
ref-point=(-0.059843,0.263670,0.198500)
pos=(-0.224731,0.990172,0.142392) at t=0.747096
err=
[ -26390081871918624768.000000, 2221884321165899264.000000, 11997445709.739782 ] 
[ 2221884321165899264.000000, -168577722109961248.000000, -877997338.669170 ] 
[ 11997445709.739782, -877997338.669170, 1101426.981344 ] 
vertexline variance is negative: -1286945248293832960.000000
ref-point=(-0.059843,0.263670,0.198500)
pos=(-0.221506,0.975965,0.143491) at t=0.732486
err=
[ -26390081871918624768.000000, 2221884321165899264.000000, 11997445709.739782 ] 
[ 2221884321165899264.000000, -168577722109961248.000000, -877997338.669170 ] 
[ 11997445709.739782, -877997338.669170, 1101426.981344 ] 
vertexline variance is negative: -2170850822234485760.000000
ref-point=(-0.059843,0.263670,0.198500)
pos=(-0.269808,1.188783,0.127026) at t=0.951337
err=
[ -26390081871918624768.000000, 2221884321165899264.000000, 11997445709.739782 ] 
[ 2221884321165899264.000000, -168577722109961248.000000, -877997338.669170 ] 
[ 11997445709.739782, -877997338.669170, 1101426.981344 ] 
vertexline variance is negative: -1555288456903396608.000000
ref-point=(-0.059843,0.263670,0.198500)
pos=(-0.237563,1.046712,0.138017) at t=0.805239
err=
[ -26390081871918624768.000000, 2221884321165899264.000000, 11997445709.739782 ] 
[ 2221884321165899264.000000, -168577722109961248.000000, -877997338.669170 ] 
[ 11997445709.739782, -877997338.669170, 1101426.981344 ] 
vertexline variance is negative: -572655504397343916032.000000
ref-point=(-0.059843,0.263670,0.198500)
pos=(-3.470031,15.289080,-0.963879) at t=15.451333
err=
[ -26390081871918624768.000000, 2221884321165899264.000000, 11997445709.739782 ] 
[ 2221884321165899264.000000, -168577722109961248.000000, -877997338.669170 ] 
[ 11997445709.739782, -877997338.669170, 1101426.981344 ] 
