Error in <TSystem::ExpandFileName>: input: $HOME/.root.mimes, output: $HOME/.root.mimes
Info in <TGeoManager::TGeoManager>: Geometry default, Detector Geometry created
Info in <TGeoManager::SetTopVolume>: Top volume is world_volume. Master volume is world_volume
Info in <TGeoNavigator::BuildCache>: --- Maximum geometry depth set to 100
++++++++++++++++++++++++++++++++++++++++++++++++++++++++++++++++++++++++++++++++++++++++++++++++++++++++++++++++++++++++++++++
++  The usage of the factory: "Beampipe_o1_v01" is DEPRECATED due to naming conventions.                                    ++
++  Please use "DD4hep_Beampipe_o1_v01" instead.                                                                            ++
++++++++++++++++++++++++++++++++++++++++++++++++++++++++++++++++++++++++++++++++++++++++++++++++++++++++++++++++++++++++++++++
Info in <TGeoManager::CheckGeometry>: Fixing runtime shapes...
Info in <TGeoManager::CheckGeometry>: ...Nothing to fix
Info in <TGeoManager::CloseGeometry>: Counting nodes...
Info in <TGeoManager::Voxelize>: Voxelizing...
Info in <TGeoManager::CloseGeometry>: Building cache...
Info in <TGeoManager::CountLevels>: max level = 5, max placements = 1044
Info in <TGeoManager::CloseGeometry>: 411734 nodes/ 5904 volume UID's in Detector Geometry
Info in <TGeoManager::CloseGeometry>: ----------------modeler ready----------------
vertexline variance is negative: -776923612.504522
ref-point=(112.324399,42.966500,-41.909216)
pos=(933.461365,357.069702,-348.384216) at t=-0.000000
err=
[ -192052.628110, 451142.023658, -12337.672765 ] 
[ 451142.023658, -1059757.036577, 28981.861211 ] 
[ -12337.672765, 28981.861211, -792.585666 ] 
vertexline variance is negative: -776936843.082802
ref-point=(112.324399,42.966500,-41.909216)
pos=(933.474247,357.074630,-348.389024) at t=0.014607
err=
[ -192049.872489, 451135.550555, -12337.495741 ] 
[ 451135.550555, -1059741.830908, 28981.445371 ] 
[ -12337.495741, 28981.445371, -792.574294 ] 
vertexline variance is negative: -776910361.603785
ref-point=(112.324399,42.966500,-41.909216)
pos=(933.448482,357.064774,-348.379409) at t=-0.014606
err=
[ -192055.378748, 451148.485057, -12337.849470 ] 
[ 451148.485057, -1059772.214752, 28982.276298 ] 
[ -12337.849470, 28982.276298, -792.597018 ] 
vertexline variance is negative: -776923612.504522
ref-point=(112.324399,42.966500,-41.909216)
pos=(933.461365,357.069702,-348.384216) at t=-0.000000
err=
[ -192052.628110, 451142.023658, -12337.672765 ] 
[ 451142.023658, -1059757.036577, 28981.861211 ] 
[ -12337.672765, 28981.861211, -792.585666 ] 
vertexline variance is negative: -776936843.082802
ref-point=(112.324399,42.966500,-41.909216)
pos=(933.474247,357.074630,-348.389024) at t=0.014607
err=
[ -192049.872489, 451135.550555, -12337.495741 ] 
[ 451135.550555, -1059741.830908, 28981.445371 ] 
[ -12337.495741, 28981.445371, -792.574294 ] 
vertexline variance is negative: -776910361.603785
ref-point=(112.324399,42.966500,-41.909216)
pos=(933.448482,357.064774,-348.379409) at t=-0.014606
err=
[ -192055.378748, 451148.485057, -12337.849470 ] 
[ 451148.485057, -1059772.214752, 28982.276298 ] 
[ -12337.849470, 28982.276298, -792.597018 ] 
vertexline variance is negative: -777056232.335786
ref-point=(112.324399,42.966500,-41.909216)
pos=(933.590192,357.118981,-348.432294) at t=0.146070
err=
[ -192025.151359, 451077.479283, -12335.907629 ] 
[ 451077.479283, -1059605.418346, 28977.714809 ] 
[ -12335.907629, 28977.714809, -792.472272 ] 
vertexline variance is negative: -776790958.300529
ref-point=(112.324399,42.966500,-41.909216)
pos=(933.332546,357.020426,-348.336142) at t=-0.146061
err=
[ -192080.100429, 451206.557623, -12339.437618 ] 
[ 451206.557623, -1059908.630354, 28986.006944 ] 
[ -12339.437618, 28986.006944, -792.699042 ] 
vertexline variance is negative: -778250247.148714
ref-point=(112.324399,42.966500,-41.909216)
pos=(934.749993,357.562631,-348.865127) at t=1.461102
err=
[ -191778.151218, 450497.262575, -12320.040067 ] 
[ 450497.262575, -1058242.457887, 28940.441048 ] 
[ -12320.040067, 28940.441048, -791.452922 ] 
vertexline variance is negative: -775597819.961006
ref-point=(112.324399,42.966500,-41.909216)
pos=(932.173532,356.577077,-347.903602) at t=-1.460199
err=
[ -192327.719941, 451788.229266, -12355.344968 ] 
[ 451788.229266, -1061275.008532, 29023.374172 ] 
[ -12355.344968, 29023.374172, -793.720948 ] 
vertexline variance is negative: -790228211.066009
ref-point=(112.324399,42.966500,-41.909216)
pos=(946.383413,362.012672,-353.206672) at t=14.651565
err=
[ -189335.328610, 444758.939982, -12163.110447 ] 
[ 444758.939982, -1044762.827463, 28571.804875 ] 
[ -12163.110447, 28571.804875, -781.371591 ] 
vertexline variance is negative: -763703870.929600
ref-point=(112.324399,42.966500,-41.909216)
pos=(920.618884,352.157168,-343.591455) at t=-14.561348
err=
[ -194831.585832, 457669.945836, -12516.196076 ] 
[ 457669.945836, -1075091.479171, 29401.222132 ] 
[ -12516.196076, 29401.222132, -804.054200 ] 
vertexline variance is negative: -913733373.140895
ref-point=(112.324399,42.966500,-41.909216)
pos=(1066.218826,407.852377,-397.928763) at t=150.526030
err=
[ -167373.977884, 393170.537853, -10752.289041 ] 
[ 393170.537853, -923578.878048, 25257.709019 ] 
[ -10752.289041, 25257.709019, -690.738872 ] 
vertexline variance is negative: -648602551.130870
ref-point=(112.324399,42.966500,-41.909216)
pos=(808.659309,309.330147,-301.808595) at t=-141.505854
err=
[ -222956.784908, 523737.561531, -14322.989902 ] 
[ 523737.561531, -1230287.885119, 33645.478638 ] 
[ -14322.989902, 33645.478638, -920.124622 ] 
vertexline variance is negative: -776923612.504522
ref-point=(112.324399,42.966500,-41.909216)
pos=(933.461365,357.069702,-348.384216) at t=-0.000000
err=
[ -192052.628110, 451142.023658, -12337.672765 ] 
[ 451142.023658, -1059757.036577, 28981.861211 ] 
[ -12337.672765, 28981.861211, -792.585666 ] 
vertexline variance is negative: -776910527.560285
ref-point=(112.324935,42.966500,-41.909216)
pos=(933.461365,357.069702,-348.384216) at t=-0.000000
err=
[ -192052.628110, 451142.023658, -12337.672765 ] 
[ 451142.023658, -1059757.036577, 28981.861211 ] 
[ -12337.672765, 28981.861211, -792.585666 ] 
vertexline variance is negative: -776923758.121028
ref-point=(112.324935,42.966500,-41.909216)
pos=(933.474247,357.074630,-348.389024) at t=0.014607
err=
[ -192049.872489, 451135.550555, -12337.495741 ] 
[ 451135.550555, -1059741.830908, 28981.445371 ] 
[ -12337.495741, 28981.445371, -792.574294 ] 
vertexline variance is negative: -776897276.677443
ref-point=(112.324935,42.966500,-41.909216)
pos=(933.448482,357.064774,-348.379409) at t=-0.014606
err=
[ -192055.378748, 451148.485057, -12337.849470 ] 
[ 451148.485057, -1059772.214752, 28982.276298 ] 
[ -12337.849470, 28982.276298, -792.597018 ] 
vertexline variance is negative: -776910527.560285
ref-point=(112.324935,42.966500,-41.909216)
pos=(933.461365,357.069702,-348.384216) at t=-0.000000
err=
[ -192052.628110, 451142.023658, -12337.672765 ] 
[ 451142.023658, -1059757.036577, 28981.861211 ] 
[ -12337.672765, 28981.861211, -792.585666 ] 
vertexline variance is negative: -776923758.121028
ref-point=(112.324935,42.966500,-41.909216)
pos=(933.474247,357.074630,-348.389024) at t=0.014607
err=
[ -192049.872489, 451135.550555, -12337.495741 ] 
[ 451135.550555, -1059741.830908, 28981.445371 ] 
[ -12337.495741, 28981.445371, -792.574294 ] 
vertexline variance is negative: -776897276.677443
ref-point=(112.324935,42.966500,-41.909216)
pos=(933.448482,357.064774,-348.379409) at t=-0.014606
err=
[ -192055.378748, 451148.485057, -12337.849470 ] 
[ 451148.485057, -1059772.214752, 28982.276298 ] 
[ -12337.849470, 28982.276298, -792.597018 ] 
vertexline variance is negative: -777043147.210939
ref-point=(112.324935,42.966500,-41.909216)
pos=(933.590192,357.118981,-348.432294) at t=0.146070
err=
[ -192025.151359, 451077.479283, -12335.907629 ] 
[ 451077.479283, -1059605.418346, 28977.714809 ] 
[ -12335.907629, 28977.714809, -792.472272 ] 
vertexline variance is negative: -776777873.537665
ref-point=(112.324935,42.966500,-41.909216)
pos=(933.332546,357.020426,-348.336142) at t=-0.146061
err=
[ -192080.100429, 451206.557623, -12339.437618 ] 
[ 451206.557623, -1059908.630354, 28986.006944 ] 
[ -12339.437618, 28986.006944, -792.699042 ] 
vertexline variance is negative: -778237160.399255
ref-point=(112.324935,42.966500,-41.909216)
pos=(934.749993,357.562631,-348.865127) at t=1.461102
err=
[ -191778.151218, 450497.262575, -12320.040067 ] 
[ 450497.262575, -1058242.457887, 28940.441048 ] 
[ -12320.040067, 28940.441048, -791.452922 ] 
vertexline variance is negative: -775584736.826213
ref-point=(112.324935,42.966500,-41.909216)
pos=(932.173532,356.577077,-347.903602) at t=-1.460199
err=
[ -192327.719941, 451788.229266, -12355.344968 ] 
[ 451788.229266, -1061275.008532, 29023.374172 ] 
[ -12355.344968, 29023.374172, -793.720948 ] 
vertexline variance is negative: -790215108.247963
ref-point=(112.324935,42.966500,-41.909216)
pos=(946.383413,362.012672,-353.206672) at t=14.651565
err=
[ -189335.328610, 444758.939982, -12163.110447 ] 
[ 444758.939982, -1044762.827463, 28571.804875 ] 
[ -12163.110447, 28571.804875, -781.371591 ] 
vertexline variance is negative: -763690804.265195
ref-point=(112.324935,42.966500,-41.909216)
pos=(920.618884,352.157168,-343.591455) at t=-14.561348
err=
[ -194831.585832, 457669.945836, -12516.196076 ] 
[ 457669.945836, -1075091.479171, 29401.222132 ] 
[ -12516.196076, 29401.222132, -804.054200 ] 
vertexline variance is negative: -913720125.865760
ref-point=(112.324935,42.966500,-41.909216)
pos=(1066.218826,407.852377,-397.928763) at t=150.526030
err=
[ -167373.977884, 393170.537853, -10752.289041 ] 
[ 393170.537853, -923578.878048, 25257.709019 ] 
[ -10752.289041, 25257.709019, -690.738872 ] 
vertexline variance is negative: -648589669.467926
ref-point=(112.324935,42.966500,-41.909216)
pos=(808.659309,309.330147,-301.808595) at t=-141.505854
err=
[ -222956.784908, 523737.561531, -14322.989902 ] 
[ 523737.561531, -1230287.885119, 33645.478638 ] 
[ -14322.989902, 33645.478638, -920.124622 ] 
vertexline variance is negative: -776910527.560285
ref-point=(112.324935,42.966500,-41.909216)
pos=(933.461365,357.069702,-348.384216) at t=-0.000000
err=
[ -192052.628110, 451142.023658, -12337.672765 ] 
[ 451142.023658, -1059757.036577, 28981.861211 ] 
[ -12337.672765, 28981.861211, -792.585666 ] 
vertexline variance is negative: -776936697.558924
ref-point=(112.323863,42.966500,-41.909216)
pos=(933.461365,357.069702,-348.384216) at t=-0.000000
err=
[ -192052.628110, 451142.023658, -12337.672765 ] 
[ 451142.023658, -1059757.036577, 28981.861211 ] 
[ -12337.672765, 28981.861211, -792.585666 ] 
vertexline variance is negative: -776949928.154760
ref-point=(112.323863,42.966500,-41.909216)
pos=(933.474247,357.074630,-348.389024) at t=0.014607
err=
[ -192049.872489, 451135.550555, -12337.495741 ] 
[ 451135.550555, -1059741.830908, 28981.445371 ] 
[ -12337.495741, 28981.445371, -792.574294 ] 
vertexline variance is negative: -776923446.640321
ref-point=(112.323863,42.966500,-41.909216)
pos=(933.448482,357.064774,-348.379409) at t=-0.014606
err=
[ -192055.378748, 451148.485057, -12337.849470 ] 
[ 451148.485057, -1059772.214752, 28982.276298 ] 
[ -12337.849470, 28982.276298, -792.597018 ] 
vertexline variance is negative: -776936697.558924
ref-point=(112.323863,42.966500,-41.909216)
pos=(933.461365,357.069702,-348.384216) at t=-0.000000
err=
[ -192052.628110, 451142.023658, -12337.672765 ] 
[ 451142.023658, -1059757.036577, 28981.861211 ] 
[ -12337.672765, 28981.861211, -792.585666 ] 
vertexline variance is negative: -776949928.154760
ref-point=(112.323863,42.966500,-41.909216)
pos=(933.474247,357.074630,-348.389024) at t=0.014607
err=
[ -192049.872489, 451135.550555, -12337.495741 ] 
[ 451135.550555, -1059741.830908, 28981.445371 ] 
[ -12337.495741, 28981.445371, -792.574294 ] 
vertexline variance is negative: -776923446.640321
ref-point=(112.323863,42.966500,-41.909216)
pos=(933.448482,357.064774,-348.379409) at t=-0.014606
err=
[ -192055.378748, 451148.485057, -12337.849470 ] 
[ 451148.485057, -1059772.214752, 28982.276298 ] 
[ -12337.849470, 28982.276298, -792.597018 ] 
vertexline variance is negative: -777069317.570787
ref-point=(112.323863,42.966500,-41.909216)
pos=(933.590192,357.118981,-348.432294) at t=0.146070
err=
[ -192025.151359, 451077.479283, -12335.907629 ] 
[ 451077.479283, -1059605.418346, 28977.714809 ] 
[ -12335.907629, 28977.714809, -792.472272 ] 
vertexline variance is negative: -776804043.173574
ref-point=(112.323863,42.966500,-41.909216)
pos=(933.332546,357.020426,-348.336142) at t=-0.146061
err=
[ -192080.100429, 451206.557623, -12339.437618 ] 
[ 451206.557623, -1059908.630354, 28986.006944 ] 
[ -12339.437618, 28986.006944, -792.699042 ] 
vertexline variance is negative: -778263334.008234
ref-point=(112.323863,42.966500,-41.909216)
pos=(934.749993,357.562631,-348.865127) at t=1.461102
err=
[ -191778.151218, 450497.262575, -12320.040067 ] 
[ 450497.262575, -1058242.457887, 28940.441048 ] 
[ -12320.040067, 28940.441048, -791.452922 ] 
vertexline variance is negative: -775610903.206191
ref-point=(112.323863,42.966500,-41.909216)
pos=(932.173532,356.577077,-347.903602) at t=-1.460199
err=
[ -192327.719941, 451788.229266, -12355.344968 ] 
[ 451788.229266, -1061275.008532, 29023.374172 ] 
[ -12355.344968, 29023.374172, -793.720948 ] 
vertexline variance is negative: -790241313.992685
ref-point=(112.323863,42.966500,-41.909216)
pos=(946.383413,362.012672,-353.206672) at t=14.651565
err=
[ -189335.328610, 444758.939982, -12163.110447 ] 
[ 444758.939982, -1044762.827463, 28571.804875 ] 
[ -12163.110447, 28571.804875, -781.371591 ] 
vertexline variance is negative: -763716937.705811
ref-point=(112.323863,42.966500,-41.909216)
pos=(920.618884,352.157168,-343.591455) at t=-14.561348
err=
[ -194831.585832, 457669.945836, -12516.196076 ] 
[ 457669.945836, -1075091.479171, 29401.222132 ] 
[ -12516.196076, 29401.222132, -804.054200 ] 
vertexline variance is negative: -913746620.512031
ref-point=(112.323863,42.966500,-41.909216)
pos=(1066.218826,407.852377,-397.928763) at t=150.526030
err=
[ -167373.977884, 393170.537853, -10752.289041 ] 
[ 393170.537853, -923578.878048, 25257.709019 ] 
[ -10752.289041, 25257.709019, -690.738872 ] 
vertexline variance is negative: -648615432.921753
ref-point=(112.323863,42.966500,-41.909216)
pos=(808.659309,309.330147,-301.808595) at t=-141.505854
err=
[ -222956.784908, 523737.561531, -14322.989902 ] 
[ 523737.561531, -1230287.885119, 33645.478638 ] 
[ -14322.989902, 33645.478638, -920.124622 ] 
vertexline variance is negative: -776936697.558924
ref-point=(112.323863,42.966500,-41.909216)
pos=(933.461365,357.069702,-348.384216) at t=-0.000000
err=
[ -192052.628110, 451142.023658, -12337.672765 ] 
[ 451142.023658, -1059757.036577, 28981.861211 ] 
[ -12337.672765, 28981.861211, -792.585666 ] 
vertexline variance is negative: -776935370.256456
ref-point=(112.324399,42.966705,-41.909216)
pos=(933.461365,357.069702,-348.384216) at t=-0.000000
err=
[ -192052.628110, 451142.023658, -12337.672765 ] 
[ 451142.023658, -1059757.036577, 28981.861211 ] 
[ -12337.672765, 28981.861211, -792.585666 ] 
vertexline variance is negative: -776948600.850463
ref-point=(112.324399,42.966705,-41.909216)
pos=(933.474247,357.074630,-348.389024) at t=0.014607
err=
[ -192049.872489, 451135.550555, -12337.495741 ] 
[ 451135.550555, -1059741.830908, 28981.445371 ] 
[ -12337.495741, 28981.445371, -792.574294 ] 
vertexline variance is negative: -776922119.339636
ref-point=(112.324399,42.966705,-41.909216)
pos=(933.448482,357.064774,-348.379409) at t=-0.014606
err=
[ -192055.378748, 451148.485057, -12337.849470 ] 
[ 451148.485057, -1059772.214752, 28982.276298 ] 
[ -12337.849470, 28982.276298, -792.597018 ] 
vertexline variance is negative: -776935370.256456
ref-point=(112.324399,42.966705,-41.909216)
pos=(933.461365,357.069702,-348.384216) at t=-0.000000
err=
[ -192052.628110, 451142.023658, -12337.672765 ] 
[ 451142.023658, -1059757.036577, 28981.861211 ] 
[ -12337.672765, 28981.861211, -792.585666 ] 
vertexline variance is negative: -776948600.850463
ref-point=(112.324399,42.966705,-41.909216)
pos=(933.474247,357.074630,-348.389024) at t=0.014607
err=
[ -192049.872489, 451135.550555, -12337.495741 ] 
[ 451135.550555, -1059741.830908, 28981.445371 ] 
[ -12337.495741, 28981.445371, -792.574294 ] 
vertexline variance is negative: -776922119.339636
ref-point=(112.324399,42.966705,-41.909216)
pos=(933.448482,357.064774,-348.379409) at t=-0.014606
err=
[ -192055.378748, 451148.485057, -12337.849470 ] 
[ 451148.485057, -1059772.214752, 28982.276298 ] 
[ -12337.849470, 28982.276298, -792.597018 ] 
vertexline variance is negative: -777067990.249995
ref-point=(112.324399,42.966705,-41.909216)
pos=(933.590192,357.118981,-348.432294) at t=0.146070
err=
[ -192025.151359, 451077.479283, -12335.907629 ] 
[ 451077.479283, -1059605.418346, 28977.714809 ] 
[ -12335.907629, 28977.714809, -792.472272 ] 
vertexline variance is negative: -776802715.889485
ref-point=(112.324399,42.966705,-41.909216)
pos=(933.332546,357.020426,-348.336142) at t=-0.146061
err=
[ -192080.100429, 451206.557623, -12339.437618 ] 
[ 451206.557623, -1059908.630354, 28986.006944 ] 
[ -12339.437618, 28986.006944, -792.699042 ] 
vertexline variance is negative: -778262006.522634
ref-point=(112.324399,42.966705,-41.909216)
pos=(934.749993,357.562631,-348.865127) at t=1.461102
err=
[ -191778.151218, 450497.262575, -12320.040067 ] 
[ 450497.262575, -1058242.457887, 28940.441048 ] 
[ -12320.040067, 28940.441048, -791.452922 ] 
vertexline variance is negative: -775609576.087189
ref-point=(112.324399,42.966705,-41.909216)
pos=(932.173532,356.577077,-347.903602) at t=-1.460199
err=
[ -192327.719941, 451788.229266, -12355.344968 ] 
[ 451788.229266, -1061275.008532, 29023.374172 ] 
[ -12355.344968, 29023.374172, -793.720948 ] 
vertexline variance is negative: -790239984.877370
ref-point=(112.324399,42.966705,-41.909216)
pos=(946.383413,362.012672,-353.206672) at t=14.651565
err=
[ -189335.328610, 444758.939982, -12163.110447 ] 
[ 444758.939982, -1044762.827463, 28571.804875 ] 
[ -12163.110447, 28571.804875, -781.371591 ] 
vertexline variance is negative: -763715612.257308
ref-point=(112.324399,42.966705,-41.909216)
pos=(920.618884,352.157168,-343.591455) at t=-14.561348
err=
[ -194831.585832, 457669.945836, -12516.196076 ] 
[ 457669.945836, -1075091.479171, 29401.222132 ] 
[ -12516.196076, 29401.222132, -804.054200 ] 
vertexline variance is negative: -913745276.745407
ref-point=(112.324399,42.966705,-41.909216)
pos=(1066.218826,407.852377,-397.928763) at t=150.526030
err=
[ -167373.977884, 393170.537853, -10752.289041 ] 
[ 393170.537853, -923578.878048, 25257.709019 ] 
[ -10752.289041, 25257.709019, -690.738872 ] 
vertexline variance is negative: -648614126.236696
ref-point=(112.324399,42.966705,-41.909216)
pos=(808.659309,309.330147,-301.808595) at t=-141.505854
err=
[ -222956.784908, 523737.561531, -14322.989902 ] 
[ 523737.561531, -1230287.885119, 33645.478638 ] 
[ -14322.989902, 33645.478638, -920.124622 ] 
vertexline variance is negative: -776935370.256456
ref-point=(112.324399,42.966705,-41.909216)
pos=(933.461365,357.069702,-348.384216) at t=-0.000000
err=
[ -192052.628110, 451142.023658, -12337.672765 ] 
[ 451142.023658, -1059757.036577, 28981.861211 ] 
[ -12337.672765, 28981.861211, -792.585666 ] 
vertexline variance is negative: -776911854.841578
ref-point=(112.324399,42.966295,-41.909216)
pos=(933.461365,357.069702,-348.384216) at t=-0.000000
err=
[ -192052.628110, 451142.023658, -12337.672765 ] 
[ 451142.023658, -1059757.036577, 28981.861211 ] 
[ -12337.672765, 28981.861211, -792.585666 ] 
vertexline variance is negative: -776925085.404088
ref-point=(112.324399,42.966295,-41.909216)
pos=(933.474247,357.074630,-348.389024) at t=0.014607
err=
[ -192049.872489, 451135.550555, -12337.495741 ] 
[ 451135.550555, -1059741.830908, 28981.445371 ] 
[ -12337.495741, 28981.445371, -792.574294 ] 
vertexline variance is negative: -776898603.956905
ref-point=(112.324399,42.966295,-41.909216)
pos=(933.448482,357.064774,-348.379409) at t=-0.014606
err=
[ -192055.378748, 451148.485057, -12337.849470 ] 
[ 451148.485057, -1059772.214752, 28982.276298 ] 
[ -12337.849470, 28982.276298, -792.597018 ] 
vertexline variance is negative: -776911854.841578
ref-point=(112.324399,42.966295,-41.909216)
pos=(933.461365,357.069702,-348.384216) at t=-0.000000
err=
[ -192052.628110, 451142.023658, -12337.672765 ] 
[ 451142.023658, -1059757.036577, 28981.861211 ] 
[ -12337.672765, 28981.861211, -792.585666 ] 
vertexline variance is negative: -776925085.404088
ref-point=(112.324399,42.966295,-41.909216)
pos=(933.474247,357.074630,-348.389024) at t=0.014607
err=
[ -192049.872489, 451135.550555, -12337.495741 ] 
[ 451135.550555, -1059741.830908, 28981.445371 ] 
[ -12337.495741, 28981.445371, -792.574294 ] 
vertexline variance is negative: -776898603.956905
ref-point=(112.324399,42.966295,-41.909216)
pos=(933.448482,357.064774,-348.379409) at t=-0.014606
err=
[ -192055.378748, 451148.485057, -12337.849470 ] 
[ 451148.485057, -1059772.214752, 28982.276298 ] 
[ -12337.849470, 28982.276298, -792.597018 ] 
vertexline variance is negative: -777044474.510548
ref-point=(112.324399,42.966295,-41.909216)
pos=(933.590192,357.118981,-348.432294) at t=0.146070
err=
[ -192025.151359, 451077.479283, -12335.907629 ] 
[ 451077.479283, -1059605.418346, 28977.714809 ] 
[ -12335.907629, 28977.714809, -792.472272 ] 
vertexline variance is negative: -776779200.800553
ref-point=(112.324399,42.966295,-41.909216)
pos=(933.332546,357.020426,-348.336142) at t=-0.146061
err=
[ -192080.100429, 451206.557623, -12339.437618 ] 
[ 451206.557623, -1059908.630354, 28986.006944 ] 
[ -12339.437618, 28986.006944, -792.699042 ] 
vertexline variance is negative: -778238487.863639
ref-point=(112.324399,42.966295,-41.909216)
pos=(934.749993,357.562631,-348.865127) at t=1.461102
err=
[ -191778.151218, 450497.262575, -12320.040067 ] 
[ 450497.262575, -1058242.457887, 28940.441048 ] 
[ -12320.040067, 28940.441048, -791.452922 ] 
vertexline variance is negative: -775586063.923913
ref-point=(112.324399,42.966295,-41.909216)
pos=(932.173532,356.577077,-347.903602) at t=-1.460199
err=
[ -192327.719941, 451788.229266, -12355.344968 ] 
[ 451788.229266, -1061275.008532, 29023.374172 ] 
[ -12355.344968, 29023.374172, -793.720948 ] 
vertexline variance is negative: -790216437.342375
ref-point=(112.324399,42.966295,-41.909216)
pos=(946.383413,362.012672,-353.206672) at t=14.651565
err=
[ -189335.328610, 444758.939982, -12163.110447 ] 
[ 444758.939982, -1044762.827463, 28571.804875 ] 
[ -12163.110447, 28571.804875, -781.371591 ] 
vertexline variance is negative: -763692129.692155
ref-point=(112.324399,42.966295,-41.909216)
pos=(920.618884,352.157168,-343.591455) at t=-14.561348
err=
[ -194831.585832, 457669.945836, -12516.196076 ] 
[ 457669.945836, -1075091.479171, 29401.222132 ] 
[ -12516.196076, 29401.222132, -804.054200 ] 
vertexline variance is negative: -913721469.613868
ref-point=(112.324399,42.966295,-41.909216)
pos=(1066.218826,407.852377,-397.928763) at t=150.526030
err=
[ -167373.977884, 393170.537853, -10752.289041 ] 
[ 393170.537853, -923578.878048, 25257.709019 ] 
[ -10752.289041, 25257.709019, -690.738872 ] 
vertexline variance is negative: -648590976.128312
ref-point=(112.324399,42.966295,-41.909216)
pos=(808.659309,309.330147,-301.808595) at t=-141.505854
err=
[ -222956.784908, 523737.561531, -14322.989902 ] 
[ 523737.561531, -1230287.885119, 33645.478638 ] 
[ -14322.989902, 33645.478638, -920.124622 ] 
vertexline variance is negative: -776911854.841578
ref-point=(112.324399,42.966295,-41.909216)
pos=(933.461365,357.069702,-348.384216) at t=-0.000000
err=
[ -192052.628110, 451142.023658, -12337.672765 ] 
[ 451142.023658, -1059757.036577, 28981.861211 ] 
[ -12337.672765, 28981.861211, -792.585666 ] 
vertexline variance is negative: -776923298.871246
ref-point=(112.324399,42.966500,-41.909016)
pos=(933.461365,357.069702,-348.384216) at t=-0.000000
err=
[ -192052.628110, 451142.023658, -12337.672765 ] 
[ 451142.023658, -1059757.036577, 28981.861211 ] 
[ -12337.672765, 28981.861211, -792.585666 ] 
vertexline variance is negative: -776936529.449102
ref-point=(112.324399,42.966500,-41.909016)
pos=(933.474247,357.074630,-348.389024) at t=0.014607
err=
[ -192049.872489, 451135.550555, -12337.495741 ] 
[ 451135.550555, -1059741.830908, 28981.445371 ] 
[ -12337.495741, 28981.445371, -792.574294 ] 
vertexline variance is negative: -776910047.970937
ref-point=(112.324399,42.966500,-41.909016)
pos=(933.448482,357.064774,-348.379409) at t=-0.014606
err=
[ -192055.378748, 451148.485057, -12337.849470 ] 
[ 451148.485057, -1059772.214752, 28982.276298 ] 
[ -12337.849470, 28982.276298, -792.597018 ] 
vertexline variance is negative: -776923298.871246
ref-point=(112.324399,42.966500,-41.909016)
pos=(933.461365,357.069702,-348.384216) at t=-0.000000
err=
[ -192052.628110, 451142.023658, -12337.672765 ] 
[ 451142.023658, -1059757.036577, 28981.861211 ] 
[ -12337.672765, 28981.861211, -792.585666 ] 
vertexline variance is negative: -776936529.449102
ref-point=(112.324399,42.966500,-41.909016)
pos=(933.474247,357.074630,-348.389024) at t=0.014607
err=
[ -192049.872489, 451135.550555, -12337.495741 ] 
[ 451135.550555, -1059741.830908, 28981.445371 ] 
[ -12337.495741, 28981.445371, -792.574294 ] 
vertexline variance is negative: -776910047.970937
ref-point=(112.324399,42.966500,-41.909016)
pos=(933.448482,357.064774,-348.379409) at t=-0.014606
err=
[ -192055.378748, 451148.485057, -12337.849470 ] 
[ 451148.485057, -1059772.214752, 28982.276298 ] 
[ -12337.849470, 28982.276298, -792.597018 ] 
vertexline variance is negative: -777055918.698181
ref-point=(112.324399,42.966500,-41.909016)
pos=(933.590192,357.118981,-348.432294) at t=0.146070
err=
[ -192025.151359, 451077.479283, -12335.907629 ] 
[ 451077.479283, -1059605.418346, 28977.714809 ] 
[ -12335.907629, 28977.714809, -792.472272 ] 
vertexline variance is negative: -776790644.671599
ref-point=(112.324399,42.966500,-41.909016)
pos=(933.332546,357.020426,-348.336142) at t=-0.146061
err=
[ -192080.100429, 451206.557623, -12339.437618 ] 
[ 451206.557623, -1059908.630354, 28986.006944 ] 
[ -12339.437618, 28986.006944, -792.699042 ] 
vertexline variance is negative: -778249933.472170
ref-point=(112.324399,42.966500,-41.909016)
pos=(934.749993,357.562631,-348.865127) at t=1.461102
err=
[ -191778.151218, 450497.262575, -12320.040067 ] 
[ 450497.262575, -1058242.457887, 28940.441048 ] 
[ -12320.040067, 28940.441048, -791.452922 ] 
vertexline variance is negative: -775597506.371095
ref-point=(112.324399,42.966500,-41.909016)
pos=(932.173532,356.577077,-347.903602) at t=-1.460199
err=
[ -192327.719941, 451788.229266, -12355.344968 ] 
[ 451788.229266, -1061275.008532, 29023.374172 ] 
[ -12355.344968, 29023.374172, -793.720948 ] 
vertexline variance is negative: -790227897.004334
ref-point=(112.324399,42.966500,-41.909016)
pos=(946.383413,362.012672,-353.206672) at t=14.651565
err=
[ -189335.328610, 444758.939982, -12163.110447 ] 
[ 444758.939982, -1044762.827463, 28571.804875 ] 
[ -12163.110447, 28571.804875, -781.371591 ] 
vertexline variance is negative: -763703557.734450
ref-point=(112.324399,42.966500,-41.909016)
pos=(920.618884,352.157168,-343.591455) at t=-14.561348
err=
[ -194831.585832, 457669.945836, -12516.196076 ] 
[ 457669.945836, -1075091.479171, 29401.222132 ] 
[ -12516.196076, 29401.222132, -804.054200 ] 
vertexline variance is negative: -913733055.616886
ref-point=(112.324399,42.966500,-41.909016)
pos=(1066.218826,407.852377,-397.928763) at t=150.526030
err=
[ -167373.977884, 393170.537853, -10752.289041 ] 
[ 393170.537853, -923578.878048, 25257.709019 ] 
[ -10752.289041, 25257.709019, -690.738872 ] 
vertexline variance is negative: -648602242.369819
ref-point=(112.324399,42.966500,-41.909016)
pos=(808.659309,309.330147,-301.808595) at t=-141.505854
err=
[ -222956.784908, 523737.561531, -14322.989902 ] 
[ 523737.561531, -1230287.885119, 33645.478638 ] 
[ -14322.989902, 33645.478638, -920.124622 ] 
vertexline variance is negative: -776923298.871246
ref-point=(112.324399,42.966500,-41.909016)
pos=(933.461365,357.069702,-348.384216) at t=-0.000000
err=
[ -192052.628110, 451142.023658, -12337.672765 ] 
[ 451142.023658, -1059757.036577, 28981.861211 ] 
[ -12337.672765, 28981.861211, -792.585666 ] 
vertexline variance is negative: -776923926.137864
ref-point=(112.324399,42.966500,-41.909416)
pos=(933.461365,357.069702,-348.384216) at t=-0.000000
err=
[ -192052.628110, 451142.023658, -12337.672765 ] 
[ 451142.023658, -1059757.036577, 28981.861211 ] 
[ -12337.672765, 28981.861211, -792.585666 ] 
vertexline variance is negative: -776937156.716563
ref-point=(112.324399,42.966500,-41.909416)
pos=(933.474247,357.074630,-348.389024) at t=0.014607
err=
[ -192049.872489, 451135.550555, -12337.495741 ] 
[ 451135.550555, -1059741.830908, 28981.445371 ] 
[ -12337.495741, 28981.445371, -792.574294 ] 
vertexline variance is negative: -776910675.236696
ref-point=(112.324399,42.966500,-41.909416)
pos=(933.448482,357.064774,-348.379409) at t=-0.014606
err=
[ -192055.378748, 451148.485057, -12337.849470 ] 
[ 451148.485057, -1059772.214752, 28982.276298 ] 
[ -12337.849470, 28982.276298, -792.597018 ] 
vertexline variance is negative: -776923926.137864
ref-point=(112.324399,42.966500,-41.909416)
pos=(933.461365,357.069702,-348.384216) at t=-0.000000
err=
[ -192052.628110, 451142.023658, -12337.672765 ] 
[ 451142.023658, -1059757.036577, 28981.861211 ] 
[ -12337.672765, 28981.861211, -792.585666 ] 
vertexline variance is negative: -776937156.716563
ref-point=(112.324399,42.966500,-41.909416)
pos=(933.474247,357.074630,-348.389024) at t=0.014607
err=
[ -192049.872489, 451135.550555, -12337.495741 ] 
[ 451135.550555, -1059741.830908, 28981.445371 ] 
[ -12337.495741, 28981.445371, -792.574294 ] 
vertexline variance is negative: -776910675.236696
ref-point=(112.324399,42.966500,-41.909416)
pos=(933.448482,357.064774,-348.379409) at t=-0.014606
err=
[ -192055.378748, 451148.485057, -12337.849470 ] 
[ 451148.485057, -1059772.214752, 28982.276298 ] 
[ -12337.849470, 28982.276298, -792.597018 ] 
vertexline variance is negative: -777056545.973453
ref-point=(112.324399,42.966500,-41.909416)
pos=(933.590192,357.118981,-348.432294) at t=0.146070
err=
[ -192025.151359, 451077.479283, -12335.907629 ] 
[ 451077.479283, -1059605.418346, 28977.714809 ] 
[ -12335.907629, 28977.714809, -792.472272 ] 
vertexline variance is negative: -776791271.929521
ref-point=(112.324399,42.966500,-41.909416)
pos=(933.332546,357.020426,-348.336142) at t=-0.146061
err=
[ -192080.100429, 451206.557623, -12339.437618 ] 
[ 451206.557623, -1059908.630354, 28986.006944 ] 
[ -12339.437618, 28986.006944, -792.699042 ] 
vertexline variance is negative: -778250560.825323
ref-point=(112.324399,42.966500,-41.909416)
pos=(934.749993,357.562631,-348.865127) at t=1.461102
err=
[ -191778.151218, 450497.262575, -12320.040067 ] 
[ 450497.262575, -1058242.457887, 28940.441048 ] 
[ -12320.040067, 28940.441048, -791.452922 ] 
vertexline variance is negative: -775598133.550979
ref-point=(112.324399,42.966500,-41.909416)
pos=(932.173532,356.577077,-347.903602) at t=-1.460199
err=
[ -192327.719941, 451788.229266, -12355.344968 ] 
[ 451788.229266, -1061275.008532, 29023.374172 ] 
[ -12355.344968, 29023.374172, -793.720948 ] 
vertexline variance is negative: -790228525.127746
ref-point=(112.324399,42.966500,-41.909416)
pos=(946.383413,362.012672,-353.206672) at t=14.651565
err=
[ -189335.328610, 444758.939982, -12163.110447 ] 
[ 444758.939982, -1044762.827463, 28571.804875 ] 
[ -12163.110447, 28571.804875, -781.371591 ] 
vertexline variance is negative: -763704184.124812
ref-point=(112.324399,42.966500,-41.909416)
pos=(920.618884,352.157168,-343.591455) at t=-14.561348
err=
[ -194831.585832, 457669.945836, -12516.196076 ] 
[ 457669.945836, -1075091.479171, 29401.222132 ] 
[ -12516.196076, 29401.222132, -804.054200 ] 
vertexline variance is negative: -913733690.664958
ref-point=(112.324399,42.966500,-41.909416)
pos=(1066.218826,407.852377,-397.928763) at t=150.526030
err=
[ -167373.977884, 393170.537853, -10752.289041 ] 
[ 393170.537853, -923578.878048, 25257.709019 ] 
[ -10752.289041, 25257.709019, -690.738872 ] 
vertexline variance is negative: -648602859.891998
ref-point=(112.324399,42.966500,-41.909416)
pos=(808.659309,309.330147,-301.808595) at t=-141.505854
err=
[ -222956.784908, 523737.561531, -14322.989902 ] 
[ 523737.561531, -1230287.885119, 33645.478638 ] 
[ -14322.989902, 33645.478638, -920.124622 ] 
vertexline variance is negative: -776923926.137864
ref-point=(112.324399,42.966500,-41.909416)
pos=(933.461365,357.069702,-348.384216) at t=-0.000000
err=
[ -192052.628110, 451142.023658, -12337.672765 ] 
[ 451142.023658, -1059757.036577, 28981.861211 ] 
[ -12337.672765, 28981.861211, -792.585666 ] 
vertexline variance is negative: -776923612.504522
ref-point=(112.324399,42.966500,-41.909216)
pos=(933.461365,357.069702,-348.384216) at t=-0.000000
err=
[ -192052.628110, 451142.023658, -12337.672765 ] 
[ 451142.023658, -1059757.036577, 28981.861211 ] 
[ -12337.672765, 28981.861211, -792.585666 ] 
vertexline variance is negative: -776936843.082802
ref-point=(112.324399,42.966500,-41.909216)
pos=(933.474247,357.074630,-348.389024) at t=0.014607
err=
[ -192049.872489, 451135.550555, -12337.495741 ] 
[ 451135.550555, -1059741.830908, 28981.445371 ] 
[ -12337.495741, 28981.445371, -792.574294 ] 
vertexline variance is negative: -776910361.603785
ref-point=(112.324399,42.966500,-41.909216)
pos=(933.448482,357.064774,-348.379409) at t=-0.014606
err=
[ -192055.378748, 451148.485057, -12337.849470 ] 
[ 451148.485057, -1059772.214752, 28982.276298 ] 
[ -12337.849470, 28982.276298, -792.597018 ] 
vertexline variance is negative: -776923612.504522
ref-point=(112.324399,42.966500,-41.909216)
pos=(933.461365,357.069702,-348.384216) at t=-0.000000
err=
[ -192052.628110, 451142.023658, -12337.672765 ] 
[ 451142.023658, -1059757.036577, 28981.861211 ] 
[ -12337.672765, 28981.861211, -792.585666 ] 
vertexline variance is negative: -776936843.082802
ref-point=(112.324399,42.966500,-41.909216)
pos=(933.474247,357.074630,-348.389024) at t=0.014607
err=
[ -192049.872489, 451135.550555, -12337.495741 ] 
[ 451135.550555, -1059741.830908, 28981.445371 ] 
[ -12337.495741, 28981.445371, -792.574294 ] 
vertexline variance is negative: -776910361.603785
ref-point=(112.324399,42.966500,-41.909216)
pos=(933.448482,357.064774,-348.379409) at t=-0.014606
err=
[ -192055.378748, 451148.485057, -12337.849470 ] 
[ 451148.485057, -1059772.214752, 28982.276298 ] 
[ -12337.849470, 28982.276298, -792.597018 ] 
vertexline variance is negative: -777056232.335786
ref-point=(112.324399,42.966500,-41.909216)
pos=(933.590192,357.118981,-348.432294) at t=0.146070
err=
[ -192025.151359, 451077.479283, -12335.907629 ] 
[ 451077.479283, -1059605.418346, 28977.714809 ] 
[ -12335.907629, 28977.714809, -792.472272 ] 
vertexline variance is negative: -776790958.300529
ref-point=(112.324399,42.966500,-41.909216)
pos=(933.332546,357.020426,-348.336142) at t=-0.146061
err=
[ -192080.100429, 451206.557623, -12339.437618 ] 
[ 451206.557623, -1059908.630354, 28986.006944 ] 
[ -12339.437618, 28986.006944, -792.699042 ] 
vertexline variance is negative: -778250247.148714
ref-point=(112.324399,42.966500,-41.909216)
pos=(934.749993,357.562631,-348.865127) at t=1.461102
err=
[ -191778.151218, 450497.262575, -12320.040067 ] 
[ 450497.262575, -1058242.457887, 28940.441048 ] 
[ -12320.040067, 28940.441048, -791.452922 ] 
vertexline variance is negative: -775597819.961006
ref-point=(112.324399,42.966500,-41.909216)
pos=(932.173532,356.577077,-347.903602) at t=-1.460199
err=
[ -192327.719941, 451788.229266, -12355.344968 ] 
[ 451788.229266, -1061275.008532, 29023.374172 ] 
[ -12355.344968, 29023.374172, -793.720948 ] 
vertexline variance is negative: -790228211.066009
ref-point=(112.324399,42.966500,-41.909216)
pos=(946.383413,362.012672,-353.206672) at t=14.651565
err=
[ -189335.328610, 444758.939982, -12163.110447 ] 
[ 444758.939982, -1044762.827463, 28571.804875 ] 
[ -12163.110447, 28571.804875, -781.371591 ] 
vertexline variance is negative: -763703870.929600
ref-point=(112.324399,42.966500,-41.909216)
pos=(920.618884,352.157168,-343.591455) at t=-14.561348
err=
[ -194831.585832, 457669.945836, -12516.196076 ] 
[ 457669.945836, -1075091.479171, 29401.222132 ] 
[ -12516.196076, 29401.222132, -804.054200 ] 
vertexline variance is negative: -913733373.140895
ref-point=(112.324399,42.966500,-41.909216)
pos=(1066.218826,407.852377,-397.928763) at t=150.526030
err=
[ -167373.977884, 393170.537853, -10752.289041 ] 
[ 393170.537853, -923578.878048, 25257.709019 ] 
[ -10752.289041, 25257.709019, -690.738872 ] 
vertexline variance is negative: -648602551.130870
ref-point=(112.324399,42.966500,-41.909216)
pos=(808.659309,309.330147,-301.808595) at t=-141.505854
err=
[ -222956.784908, 523737.561531, -14322.989902 ] 
[ 523737.561531, -1230287.885119, 33645.478638 ] 
[ -14322.989902, 33645.478638, -920.124622 ] 
vertexline variance is negative: -776923612.504522
ref-point=(112.324399,42.966500,-41.909216)
pos=(933.461365,357.069702,-348.384216) at t=-0.000000
err=
[ -192052.628110, 451142.023658, -12337.672765 ] 
[ 451142.023658, -1059757.036577, 28981.861211 ] 
[ -12337.672765, 28981.861211, -792.585666 ] 
vertexline variance is negative: -776910527.560285
ref-point=(112.324935,42.966500,-41.909216)
pos=(933.461365,357.069702,-348.384216) at t=-0.000000
err=
[ -192052.628110, 451142.023658, -12337.672765 ] 
[ 451142.023658, -1059757.036577, 28981.861211 ] 
[ -12337.672765, 28981.861211, -792.585666 ] 
vertexline variance is negative: -776923758.121028
ref-point=(112.324935,42.966500,-41.909216)
pos=(933.474247,357.074630,-348.389024) at t=0.014607
err=
[ -192049.872489, 451135.550555, -12337.495741 ] 
[ 451135.550555, -1059741.830908, 28981.445371 ] 
[ -12337.495741, 28981.445371, -792.574294 ] 
vertexline variance is negative: -776897276.677443
ref-point=(112.324935,42.966500,-41.909216)
pos=(933.448482,357.064774,-348.379409) at t=-0.014606
err=
[ -192055.378748, 451148.485057, -12337.849470 ] 
[ 451148.485057, -1059772.214752, 28982.276298 ] 
[ -12337.849470, 28982.276298, -792.597018 ] 
vertexline variance is negative: -776910527.560285
ref-point=(112.324935,42.966500,-41.909216)
pos=(933.461365,357.069702,-348.384216) at t=-0.000000
err=
[ -192052.628110, 451142.023658, -12337.672765 ] 
[ 451142.023658, -1059757.036577, 28981.861211 ] 
[ -12337.672765, 28981.861211, -792.585666 ] 
vertexline variance is negative: -776923758.121028
ref-point=(112.324935,42.966500,-41.909216)
pos=(933.474247,357.074630,-348.389024) at t=0.014607
err=
[ -192049.872489, 451135.550555, -12337.495741 ] 
[ 451135.550555, -1059741.830908, 28981.445371 ] 
[ -12337.495741, 28981.445371, -792.574294 ] 
vertexline variance is negative: -776897276.677443
ref-point=(112.324935,42.966500,-41.909216)
pos=(933.448482,357.064774,-348.379409) at t=-0.014606
err=
[ -192055.378748, 451148.485057, -12337.849470 ] 
[ 451148.485057, -1059772.214752, 28982.276298 ] 
[ -12337.849470, 28982.276298, -792.597018 ] 
vertexline variance is negative: -777043147.210939
ref-point=(112.324935,42.966500,-41.909216)
pos=(933.590192,357.118981,-348.432294) at t=0.146070
err=
[ -192025.151359, 451077.479283, -12335.907629 ] 
[ 451077.479283, -1059605.418346, 28977.714809 ] 
[ -12335.907629, 28977.714809, -792.472272 ] 
vertexline variance is negative: -776777873.537665
ref-point=(112.324935,42.966500,-41.909216)
pos=(933.332546,357.020426,-348.336142) at t=-0.146061
err=
[ -192080.100429, 451206.557623, -12339.437618 ] 
[ 451206.557623, -1059908.630354, 28986.006944 ] 
[ -12339.437618, 28986.006944, -792.699042 ] 
vertexline variance is negative: -778237160.399255
ref-point=(112.324935,42.966500,-41.909216)
