Error in <TSystem::ExpandFileName>: input: $HOME/.root.mimes, output: $HOME/.root.mimes
Info in <TGeoManager::TGeoManager>: Geometry default, Detector Geometry created
Info in <TGeoManager::SetTopVolume>: Top volume is world_volume. Master volume is world_volume
Info in <TGeoNavigator::BuildCache>: --- Maximum geometry depth set to 100
++++++++++++++++++++++++++++++++++++++++++++++++++++++++++++++++++++++++++++++++++++++++++++++++++++++++++++++++++++++++++++++
++  The usage of the factory: "Beampipe_o1_v01" is DEPRECATED due to naming conventions.                                    ++
++  Please use "DD4hep_Beampipe_o1_v01" instead.                                                                            ++
++++++++++++++++++++++++++++++++++++++++++++++++++++++++++++++++++++++++++++++++++++++++++++++++++++++++++++++++++++++++++++++
Info in <TGeoManager::CheckGeometry>: Fixing runtime shapes...
Info in <TGeoManager::CheckGeometry>: ...Nothing to fix
Info in <TGeoManager::CloseGeometry>: Counting nodes...
Info in <TGeoManager::Voxelize>: Voxelizing...
Info in <TGeoManager::CloseGeometry>: Building cache...
Info in <TGeoManager::CountLevels>: max level = 5, max placements = 1044
Info in <TGeoManager::CloseGeometry>: 411734 nodes/ 5904 volume UID's in Detector Geometry
Info in <TGeoManager::CloseGeometry>: ----------------modeler ready----------------
vertexline variance is negative: -20769519436097.203125
ref-point=(0.272680,0.183088,0.202636)
pos=(0.792961,0.532446,0.417169) at t=0.662396
err=
[ -172909461.819118, -175023289940.268616, -195868.124106 ] 
[ -175023289940.268616, -169648663417946.125000, 49045885.080682 ] 
[ -195868.124106, 49045885.080682, 1936637.175348 ] 
vertexline variance is negative: -20774109460664.304688
ref-point=(0.272680,0.183088,0.202636)
pos=(0.793018,0.532485,0.417193) at t=0.662469
err=
[ -172909461.819118, -175023289940.268616, -195868.124106 ] 
[ -175023289940.268616, -169648663417946.125000, 49045885.080682 ] 
[ -195868.124106, 49045885.080682, 1936637.175348 ] 
vertexline variance is negative: -20764947462740.500000
ref-point=(0.272680,0.183088,0.202636)
pos=(0.792903,0.532408,0.417145) at t=0.662323
err=
[ -172909461.819118, -175023289940.268616, -195868.124106 ] 
[ -175023289940.268616, -169648663417946.125000, 49045885.080682 ] 
[ -195868.124106, 49045885.080682, 1936637.175348 ] 
vertexline variance is negative: -20769519436097.203125
ref-point=(0.272680,0.183088,0.202636)
pos=(0.792961,0.532446,0.417169) at t=0.662396
err=
[ -172909461.819118, -175023289940.268616, -195868.124106 ] 
[ -175023289940.268616, -169648663417946.125000, 49045885.080682 ] 
[ -195868.124106, 49045885.080682, 1936637.175348 ] 
vertexline variance is negative: -20774109460664.304688
ref-point=(0.272680,0.183088,0.202636)
pos=(0.793018,0.532485,0.417193) at t=0.662469
err=
[ -172909461.819118, -175023289940.268616, -195868.124106 ] 
[ -175023289940.268616, -169648663417946.125000, 49045885.080682 ] 
[ -195868.124106, 49045885.080682, 1936637.175348 ] 
vertexline variance is negative: -20764947462740.500000
ref-point=(0.272680,0.183088,0.202636)
pos=(0.792903,0.532408,0.417145) at t=0.662323
err=
[ -172909461.819118, -175023289940.268616, -195868.124106 ] 
[ -175023289940.268616, -169648663417946.125000, 49045885.080682 ] 
[ -195868.124106, 49045885.080682, 1936637.175348 ] 
vertexline variance is negative: -20816232954733.062500
ref-point=(0.272680,0.183088,0.202636)
pos=(0.793545,0.532839,0.417410) at t=0.663140
err=
[ -172909461.819118, -175023289940.268616, -195868.124106 ] 
[ -175023289940.268616, -169648663417946.125000, 49045885.080682 ] 
[ -195868.124106, 49045885.080682, 1936637.175348 ] 
vertexline variance is negative: -20724611060185.039062
ref-point=(0.272680,0.183088,0.202636)
pos=(0.792398,0.532068,0.416937) at t=0.661679
err=
[ -172909461.819118, -175023289940.268616, -195868.124106 ] 
[ -175023289940.268616, -169648663417946.125000, 49045885.080682 ] 
[ -195868.124106, 49045885.080682, 1936637.175348 ] 
vertexline variance is negative: -21318935544750.785156
ref-point=(0.272680,0.183088,0.202636)
pos=(0.799797,0.537037,0.419988) at t=0.671100
err=
[ -172909461.819118, -175023289940.268616, -195868.124106 ] 
[ -175023289940.268616, -169648663417946.125000, 49045885.080682 ] 
[ -195868.124106, 49045885.080682, 1936637.175348 ] 
vertexline variance is negative: -20400801025712.519531
ref-point=(0.272680,0.183088,0.202636)
pos=(0.788322,0.529331,0.415256) at t=0.656490
err=
[ -172909461.819118, -175023289940.268616, -195868.124106 ] 
[ -175023289940.268616, -169648663417946.125000, 49045885.080682 ] 
[ -195868.124106, 49045885.080682, 1936637.175348 ] 
vertexline variance is negative: -36269960535134.710938
ref-point=(0.272680,0.183088,0.202636)
pos=(0.960220,0.644758,0.486137) at t=0.875342
err=
[ -172909461.819118, -175023289940.268616, -195868.124106 ] 
[ -175023289940.268616, -169648663417946.125000, 49045885.080682 ] 
[ -195868.124106, 49045885.080682, 1936637.175348 ] 
vertexline variance is negative: -25173068878588.425781
ref-point=(0.272680,0.183088,0.202636)
pos=(0.845466,0.567703,0.438819) at t=0.729243
err=
[ -172909461.819118, -175023289940.268616, -195868.124106 ] 
[ -175023289940.268616, -169648663417946.125000, 49045885.080682 ] 
[ -195868.124106, 49045885.080682, 1936637.175348 ] 
vertexline variance is negative: -11190441211606304.000000
ref-point=(0.272680,0.183088,0.202636)
pos=(12.349375,8.292357,5.182353) at t=15.375448
err=
[ -172909461.819118, -175023289940.268616, -195868.124106 ] 
[ -175023289940.268616, -169648663417946.125000, 49045885.080682 ] 
[ -195868.124106, 49045885.080682, 1936637.175348 ] 
vertexline variance is negative: -9166604161522214.000000
ref-point=(0.272680,0.183088,0.202636)
pos=(11.202896,7.522518,4.709612) at t=13.915808
err=
[ -172909461.819118, -175023289940.268616, -195868.124106 ] 
[ -175023289940.268616, -169648663417946.125000, 49045885.080682 ] 
[ -195868.124106, 49045885.080682, 1936637.175348 ] 
vertexline variance is negative: -20769519436097.203125
ref-point=(0.272680,0.183088,0.202636)
pos=(0.792961,0.532446,0.417169) at t=0.662396
err=
[ -172909461.819118, -175023289940.268616, -195868.124106 ] 
[ -175023289940.268616, -169648663417946.125000, 49045885.080682 ] 
[ -195868.124106, 49045885.080682, 1936637.175348 ] 
vertexline variance is negative: -20769507188922.355469
ref-point=(0.272780,0.183088,0.202636)
pos=(0.792961,0.532446,0.417169) at t=0.662396
err=
[ -172909461.819118, -175023289940.268616, -195868.124106 ] 
[ -175023289940.268616, -169648663417946.125000, 49045885.080682 ] 
[ -195868.124106, 49045885.080682, 1936637.175348 ] 
vertexline variance is negative: -20774097212136.230469
ref-point=(0.272780,0.183088,0.202636)
pos=(0.793018,0.532485,0.417193) at t=0.662469
err=
[ -172909461.819118, -175023289940.268616, -195868.124106 ] 
[ -175023289940.268616, -169648663417946.125000, 49045885.080682 ] 
[ -195868.124106, 49045885.080682, 1936637.175348 ] 
vertexline variance is negative: -20764935216913.707031
ref-point=(0.272780,0.183088,0.202636)
pos=(0.792903,0.532408,0.417145) at t=0.662323
err=
[ -172909461.819118, -175023289940.268616, -195868.124106 ] 
[ -175023289940.268616, -169648663417946.125000, 49045885.080682 ] 
[ -195868.124106, 49045885.080682, 1936637.175348 ] 
vertexline variance is negative: -20769507188922.355469
ref-point=(0.272780,0.183088,0.202636)
pos=(0.792961,0.532446,0.417169) at t=0.662396
err=
[ -172909461.819118, -175023289940.268616, -195868.124106 ] 
[ -175023289940.268616, -169648663417946.125000, 49045885.080682 ] 
[ -195868.124106, 49045885.080682, 1936637.175348 ] 
vertexline variance is negative: -20774097212136.230469
ref-point=(0.272780,0.183088,0.202636)
pos=(0.793018,0.532485,0.417193) at t=0.662469
err=
[ -172909461.819118, -175023289940.268616, -195868.124106 ] 
[ -175023289940.268616, -169648663417946.125000, 49045885.080682 ] 
[ -195868.124106, 49045885.080682, 1936637.175348 ] 
vertexline variance is negative: -20764935216913.707031
ref-point=(0.272780,0.183088,0.202636)
pos=(0.792903,0.532408,0.417145) at t=0.662323
err=
[ -172909461.819118, -175023289940.268616, -195868.124106 ] 
[ -175023289940.268616, -169648663417946.125000, 49045885.080682 ] 
[ -195868.124106, 49045885.080682, 1936637.175348 ] 
vertexline variance is negative: -20816220693793.156250
ref-point=(0.272780,0.183088,0.202636)
pos=(0.793545,0.532839,0.417410) at t=0.663140
err=
[ -172909461.819118, -175023289940.268616, -195868.124106 ] 
[ -175023289940.268616, -169648663417946.125000, 49045885.080682 ] 
[ -195868.124106, 49045885.080682, 1936637.175348 ] 
vertexline variance is negative: -20724598826257.937500
ref-point=(0.272780,0.183088,0.202636)
pos=(0.792398,0.532068,0.416937) at t=0.661679
err=
[ -172909461.819118, -175023289940.268616, -195868.124106 ] 
[ -175023289940.268616, -169648663417946.125000, 49045885.080682 ] 
[ -195868.124106, 49045885.080682, 1936637.175348 ] 
vertexline variance is negative: -21318923136645.980469
ref-point=(0.272780,0.183088,0.202636)
pos=(0.799797,0.537037,0.419988) at t=0.671100
err=
[ -172909461.819118, -175023289940.268616, -195868.124106 ] 
[ -175023289940.268616, -169648663417946.125000, 49045885.080682 ] 
[ -195868.124106, 49045885.080682, 1936637.175348 ] 
vertexline variance is negative: -20400788887735.703125
ref-point=(0.272780,0.183088,0.202636)
pos=(0.788322,0.529331,0.415256) at t=0.656490
err=
[ -172909461.819118, -175023289940.268616, -195868.124106 ] 
[ -175023289940.268616, -169648663417946.125000, 49045885.080682 ] 
[ -195868.124106, 49045885.080682, 1936637.175348 ] 
vertexline variance is negative: -36269944350747.875000
ref-point=(0.272780,0.183088,0.202636)
pos=(0.960220,0.644758,0.486137) at t=0.875342
err=
[ -172909461.819118, -175023289940.268616, -195868.124106 ] 
[ -175023289940.268616, -169648663417946.125000, 49045885.080682 ] 
[ -195868.124106, 49045885.080682, 1936637.175348 ] 
vertexline variance is negative: -25173055395456.566406
ref-point=(0.272780,0.183088,0.202636)
pos=(0.845466,0.567703,0.438819) at t=0.729243
err=
[ -172909461.819118, -175023289940.268616, -195868.124106 ] 
[ -175023289940.268616, -169648663417946.125000, 49045885.080682 ] 
[ -195868.124106, 49045885.080682, 1936637.175348 ] 
vertexline variance is negative: -11190440927326270.000000
ref-point=(0.272780,0.183088,0.202636)
pos=(12.349375,8.292357,5.182353) at t=15.375448
err=
[ -172909461.819118, -175023289940.268616, -195868.124106 ] 
[ -175023289940.268616, -169648663417946.125000, 49045885.080682 ] 
[ -195868.124106, 49045885.080682, 1936637.175348 ] 
vertexline variance is negative: -9166603904229794.000000
ref-point=(0.272780,0.183088,0.202636)
pos=(11.202896,7.522518,4.709612) at t=13.915808
err=
[ -172909461.819118, -175023289940.268616, -195868.124106 ] 
[ -175023289940.268616, -169648663417946.125000, 49045885.080682 ] 
[ -195868.124106, 49045885.080682, 1936637.175348 ] 
vertexline variance is negative: -20769507188922.355469
ref-point=(0.272780,0.183088,0.202636)
pos=(0.792961,0.532446,0.417169) at t=0.662396
err=
[ -172909461.819118, -175023289940.268616, -195868.124106 ] 
[ -175023289940.268616, -169648663417946.125000, 49045885.080682 ] 
[ -195868.124106, 49045885.080682, 1936637.175348 ] 
vertexline variance is negative: -20769531683275.507812
ref-point=(0.272580,0.183088,0.202636)
pos=(0.792961,0.532446,0.417169) at t=0.662396
err=
[ -172909461.819118, -175023289940.268616, -195868.124106 ] 
[ -175023289940.268616, -169648663417946.125000, 49045885.080682 ] 
[ -195868.124106, 49045885.080682, 1936637.175348 ] 
vertexline variance is negative: -20774121709195.839844
ref-point=(0.272580,0.183088,0.202636)
pos=(0.793018,0.532485,0.417193) at t=0.662469
err=
[ -172909461.819118, -175023289940.268616, -195868.124106 ] 
[ -175023289940.268616, -169648663417946.125000, 49045885.080682 ] 
[ -195868.124106, 49045885.080682, 1936637.175348 ] 
vertexline variance is negative: -20764959708570.753906
ref-point=(0.272580,0.183088,0.202636)
pos=(0.792903,0.532408,0.417145) at t=0.662323
err=
[ -172909461.819118, -175023289940.268616, -195868.124106 ] 
[ -175023289940.268616, -169648663417946.125000, 49045885.080682 ] 
[ -195868.124106, 49045885.080682, 1936637.175348 ] 
vertexline variance is negative: -20769531683275.507812
ref-point=(0.272580,0.183088,0.202636)
pos=(0.792961,0.532446,0.417169) at t=0.662396
err=
[ -172909461.819118, -175023289940.268616, -195868.124106 ] 
[ -175023289940.268616, -169648663417946.125000, 49045885.080682 ] 
[ -195868.124106, 49045885.080682, 1936637.175348 ] 
vertexline variance is negative: -20774121709195.839844
ref-point=(0.272580,0.183088,0.202636)
pos=(0.793018,0.532485,0.417193) at t=0.662469
err=
[ -172909461.819118, -175023289940.268616, -195868.124106 ] 
[ -175023289940.268616, -169648663417946.125000, 49045885.080682 ] 
[ -195868.124106, 49045885.080682, 1936637.175348 ] 
vertexline variance is negative: -20764959708570.753906
ref-point=(0.272580,0.183088,0.202636)
pos=(0.792903,0.532408,0.417145) at t=0.662323
err=
[ -172909461.819118, -175023289940.268616, -195868.124106 ] 
[ -175023289940.268616, -169648663417946.125000, 49045885.080682 ] 
[ -195868.124106, 49045885.080682, 1936637.175348 ] 
vertexline variance is negative: -20816245215676.425781
ref-point=(0.272580,0.183088,0.202636)
pos=(0.793545,0.532839,0.417410) at t=0.663140
err=
[ -172909461.819118, -175023289940.268616, -195868.124106 ] 
[ -175023289940.268616, -169648663417946.125000, 49045885.080682 ] 
[ -195868.124106, 49045885.080682, 1936637.175348 ] 
vertexline variance is negative: -20724623294115.605469
ref-point=(0.272580,0.183088,0.202636)
pos=(0.792398,0.532068,0.416937) at t=0.661679
err=
[ -172909461.819118, -175023289940.268616, -195868.124106 ] 
[ -175023289940.268616, -169648663417946.125000, 49045885.080682 ] 
[ -195868.124106, 49045885.080682, 1936637.175348 ] 
vertexline variance is negative: -21318947952859.054688
ref-point=(0.272580,0.183088,0.202636)
pos=(0.799797,0.537037,0.419988) at t=0.671100
err=
[ -172909461.819118, -175023289940.268616, -195868.124106 ] 
[ -175023289940.268616, -169648663417946.125000, 49045885.080682 ] 
[ -195868.124106, 49045885.080682, 1936637.175348 ] 
vertexline variance is negative: -20400813163692.792969
ref-point=(0.272580,0.183088,0.202636)
pos=(0.788322,0.529331,0.415256) at t=0.656490
err=
[ -172909461.819118, -175023289940.268616, -195868.124106 ] 
[ -175023289940.268616, -169648663417946.125000, 49045885.080682 ] 
[ -195868.124106, 49045885.080682, 1936637.175348 ] 
vertexline variance is negative: -36269976719525.015625
ref-point=(0.272580,0.183088,0.202636)
pos=(0.960220,0.644758,0.486137) at t=0.875342
err=
[ -172909461.819118, -175023289940.268616, -195868.124106 ] 
[ -175023289940.268616, -169648663417946.125000, 49045885.080682 ] 
[ -195868.124106, 49045885.080682, 1936637.175348 ] 
vertexline variance is negative: -25173082361723.750000
ref-point=(0.272580,0.183088,0.202636)
pos=(0.845466,0.567703,0.438819) at t=0.729243
err=
[ -172909461.819118, -175023289940.268616, -195868.124106 ] 
[ -175023289940.268616, -169648663417946.125000, 49045885.080682 ] 
[ -195868.124106, 49045885.080682, 1936637.175348 ] 
vertexline variance is negative: -11190441495886340.000000
ref-point=(0.272580,0.183088,0.202636)
pos=(12.349375,8.292357,5.182353) at t=15.375448
err=
[ -172909461.819118, -175023289940.268616, -195868.124106 ] 
[ -175023289940.268616, -169648663417946.125000, 49045885.080682 ] 
[ -195868.124106, 49045885.080682, 1936637.175348 ] 
vertexline variance is negative: -9166604418814636.000000
ref-point=(0.272580,0.183088,0.202636)
pos=(11.202896,7.522518,4.709612) at t=13.915808
err=
[ -172909461.819118, -175023289940.268616, -195868.124106 ] 
[ -175023289940.268616, -169648663417946.125000, 49045885.080682 ] 
[ -195868.124106, 49045885.080682, 1936637.175348 ] 
vertexline variance is negative: -20769531683275.507812
ref-point=(0.272580,0.183088,0.202636)
pos=(0.792961,0.532446,0.417169) at t=0.662396
err=
[ -172909461.819118, -175023289940.268616, -195868.124106 ] 
[ -175023289940.268616, -169648663417946.125000, 49045885.080682 ] 
[ -195868.124106, 49045885.080682, 1936637.175348 ] 
vertexline variance is negative: -20757649280883.851562
ref-point=(0.272680,0.183188,0.202636)
pos=(0.792961,0.532446,0.417169) at t=0.662396
err=
[ -172909461.819118, -175023289940.268616, -195868.124106 ] 
[ -175023289940.268616, -169648663417946.125000, 49045885.080682 ] 
[ -195868.124106, 49045885.080682, 1936637.175348 ] 
vertexline variance is negative: -20762237993695.019531
ref-point=(0.272680,0.183188,0.202636)
pos=(0.793018,0.532485,0.417193) at t=0.662469
err=
[ -172909461.819118, -175023289940.268616, -195868.124106 ] 
[ -175023289940.268616, -169648663417946.125000, 49045885.080682 ] 
[ -195868.124106, 49045885.080682, 1936637.175348 ] 
vertexline variance is negative: -20753078614268.433594
ref-point=(0.272680,0.183188,0.202636)
pos=(0.792903,0.532408,0.417145) at t=0.662323
err=
[ -172909461.819118, -175023289940.268616, -195868.124106 ] 
[ -175023289940.268616, -169648663417946.125000, 49045885.080682 ] 
[ -195868.124106, 49045885.080682, 1936637.175348 ] 
vertexline variance is negative: -20757649280883.851562
ref-point=(0.272680,0.183188,0.202636)
pos=(0.792961,0.532446,0.417169) at t=0.662396
err=
[ -172909461.819118, -175023289940.268616, -195868.124106 ] 
[ -175023289940.268616, -169648663417946.125000, 49045885.080682 ] 
[ -195868.124106, 49045885.080682, 1936637.175348 ] 
vertexline variance is negative: -20762237993695.019531
ref-point=(0.272680,0.183188,0.202636)
pos=(0.793018,0.532485,0.417193) at t=0.662469
err=
[ -172909461.819118, -175023289940.268616, -195868.124106 ] 
[ -175023289940.268616, -169648663417946.125000, 49045885.080682 ] 
[ -195868.124106, 49045885.080682, 1936637.175348 ] 
vertexline variance is negative: -20753078614268.433594
ref-point=(0.272680,0.183188,0.202636)
pos=(0.792903,0.532408,0.417145) at t=0.662323
err=
[ -172909461.819118, -175023289940.268616, -195868.124106 ] 
[ -175023289940.268616, -169648663417946.125000, 49045885.080682 ] 
[ -195868.124106, 49045885.080682, 1936637.175348 ] 
vertexline variance is negative: -20804349456300.867188
ref-point=(0.272680,0.183188,0.202636)
pos=(0.793545,0.532839,0.417410) at t=0.663140
err=
[ -172909461.819118, -175023289940.268616, -195868.124106 ] 
[ -175023289940.268616, -169648663417946.125000, 49045885.080682 ] 
[ -195868.124106, 49045885.080682, 1936637.175348 ] 
vertexline variance is negative: -20712753746724.906250
ref-point=(0.272680,0.183188,0.202636)
pos=(0.792398,0.532068,0.416937) at t=0.661679
err=
[ -172909461.819118, -175023289940.268616, -195868.124106 ] 
[ -175023289940.268616, -169648663417946.125000, 49045885.080682 ] 
[ -195868.124106, 49045885.080682, 1936637.175348 ] 
vertexline variance is negative: -21306909391408.605469
ref-point=(0.272680,0.183188,0.202636)
pos=(0.799797,0.537037,0.419988) at t=0.671100
err=
[ -172909461.819118, -175023289940.268616, -195868.124106 ] 
[ -175023289940.268616, -169648663417946.125000, 49045885.080682 ] 
[ -195868.124106, 49045885.080682, 1936637.175348 ] 
vertexline variance is negative: -20389036722066.882812
ref-point=(0.272680,0.183188,0.202636)
pos=(0.788322,0.529331,0.415256) at t=0.656490
err=
[ -172909461.819118, -175023289940.268616, -195868.124106 ] 
[ -175023289940.268616, -169648663417946.125000, 49045885.080682 ] 
[ -195868.124106, 49045885.080682, 1936637.175348 ] 
vertexline variance is negative: -36254273827048.148438
ref-point=(0.272680,0.183188,0.202636)
pos=(0.960220,0.644758,0.486137) at t=0.875342
err=
[ -172909461.819118, -175023289940.268616, -195868.124106 ] 
[ -175023289940.268616, -169648663417946.125000, 49045885.080682 ] 
[ -195868.124106, 49045885.080682, 1936637.175348 ] 
vertexline variance is negative: -25160000643288.441406
ref-point=(0.272680,0.183188,0.202636)
pos=(0.845466,0.567703,0.438819) at t=0.729243
err=
[ -172909461.819118, -175023289940.268616, -195868.124106 ] 
[ -175023289940.268616, -169648663417946.125000, 49045885.080682 ] 
[ -195868.124106, 49045885.080682, 1936637.175348 ] 
vertexline variance is negative: -11190165645264934.000000
ref-point=(0.272680,0.183188,0.202636)
pos=(12.349375,8.292357,5.182353) at t=15.375448
err=
[ -172909461.819118, -175023289940.268616, -195868.124106 ] 
[ -175023289940.268616, -169648663417946.125000, 49045885.080682 ] 
[ -195868.124106, 49045885.080682, 1936637.175348 ] 
vertexline variance is negative: -9166354755736710.000000
ref-point=(0.272680,0.183188,0.202636)
pos=(11.202896,7.522518,4.709612) at t=13.915808
err=
[ -172909461.819118, -175023289940.268616, -195868.124106 ] 
[ -175023289940.268616, -169648663417946.125000, 49045885.080682 ] 
[ -195868.124106, 49045885.080682, 1936637.175348 ] 
vertexline variance is negative: -20757649280883.851562
ref-point=(0.272680,0.183188,0.202636)
pos=(0.792961,0.532446,0.417169) at t=0.662396
err=
[ -172909461.819118, -175023289940.268616, -195868.124106 ] 
[ -175023289940.268616, -169648663417946.125000, 49045885.080682 ] 
[ -195868.124106, 49045885.080682, 1936637.175348 ] 
vertexline variance is negative: -20781392984283.820312
ref-point=(0.272680,0.182988,0.202636)
pos=(0.792961,0.532446,0.417169) at t=0.662396
err=
[ -172909461.819118, -175023289940.268616, -195868.124106 ] 
[ -175023289940.268616, -169648663417946.125000, 49045885.080682 ] 
[ -195868.124106, 49045885.080682, 1936637.175348 ] 
vertexline variance is negative: -20785984320606.855469
ref-point=(0.272680,0.182988,0.202636)
pos=(0.793018,0.532485,0.417193) at t=0.662469
err=
[ -172909461.819118, -175023289940.268616, -195868.124106 ] 
[ -175023289940.268616, -169648663417946.125000, 49045885.080682 ] 
[ -195868.124106, 49045885.080682, 1936637.175348 ] 
vertexline variance is negative: -20776819704185.835938
ref-point=(0.272680,0.182988,0.202636)
pos=(0.792903,0.532408,0.417145) at t=0.662323
err=
[ -172909461.819118, -175023289940.268616, -195868.124106 ] 
[ -175023289940.268616, -169648663417946.125000, 49045885.080682 ] 
[ -195868.124106, 49045885.080682, 1936637.175348 ] 
vertexline variance is negative: -20781392984283.820312
ref-point=(0.272680,0.182988,0.202636)
pos=(0.792961,0.532446,0.417169) at t=0.662396
err=
[ -172909461.819118, -175023289940.268616, -195868.124106 ] 
[ -175023289940.268616, -169648663417946.125000, 49045885.080682 ] 
[ -195868.124106, 49045885.080682, 1936637.175348 ] 
vertexline variance is negative: -20785984320606.855469
ref-point=(0.272680,0.182988,0.202636)
pos=(0.793018,0.532485,0.417193) at t=0.662469
err=
[ -172909461.819118, -175023289940.268616, -195868.124106 ] 
[ -175023289940.268616, -169648663417946.125000, 49045885.080682 ] 
[ -195868.124106, 49045885.080682, 1936637.175348 ] 
vertexline variance is negative: -20776819704185.835938
ref-point=(0.272680,0.182988,0.202636)
pos=(0.792903,0.532408,0.417145) at t=0.662323
err=
[ -172909461.819118, -175023289940.268616, -195868.124106 ] 
[ -175023289940.268616, -169648663417946.125000, 49045885.080682 ] 
[ -195868.124106, 49045885.080682, 1936637.175348 ] 
vertexline variance is negative: -20828119846138.531250
ref-point=(0.272680,0.182988,0.202636)
pos=(0.793545,0.532839,0.417410) at t=0.663140
err=
[ -172909461.819118, -175023289940.268616, -195868.124106 ] 
[ -175023289940.268616, -169648663417946.125000, 49045885.080682 ] 
[ -195868.124106, 49045885.080682, 1936637.175348 ] 
vertexline variance is negative: -20736471766618.445312
ref-point=(0.272680,0.182988,0.202636)
pos=(0.792398,0.532068,0.416937) at t=0.661679
err=
[ -172909461.819118, -175023289940.268616, -195868.124106 ] 
[ -175023289940.268616, -169648663417946.125000, 49045885.080682 ] 
[ -195868.124106, 49045885.080682, 1936637.175348 ] 
vertexline variance is negative: -21330965091066.234375
ref-point=(0.272680,0.182988,0.202636)
pos=(0.799797,0.537037,0.419988) at t=0.671100
err=
[ -172909461.819118, -175023289940.268616, -195868.124106 ] 
[ -175023289940.268616, -169648663417946.125000, 49045885.080682 ] 
[ -195868.124106, 49045885.080682, 1936637.175348 ] 
vertexline variance is negative: -20412568722331.421875
ref-point=(0.272680,0.182988,0.202636)
pos=(0.788322,0.529331,0.415256) at t=0.656490
err=
[ -172909461.819118, -175023289940.268616, -195868.124106 ] 
[ -175023289940.268616, -169648663417946.125000, 49045885.080682 ] 
[ -195868.124106, 49045885.080682, 1936637.175348 ] 
vertexline variance is negative: -36285650636194.539062
ref-point=(0.272680,0.182988,0.202636)
pos=(0.960220,0.644758,0.486137) at t=0.875342
err=
[ -172909461.819118, -175023289940.268616, -195868.124106 ] 
[ -175023289940.268616, -169648663417946.125000, 49045885.080682 ] 
[ -195868.124106, 49045885.080682, 1936637.175348 ] 
vertexline variance is negative: -25186140506861.675781
ref-point=(0.272680,0.182988,0.202636)
pos=(0.845466,0.567703,0.438819) at t=0.729243
err=
[ -172909461.819118, -175023289940.268616, -195868.124106 ] 
[ -175023289940.268616, -169648663417946.125000, 49045885.080682 ] 
[ -195868.124106, 49045885.080682, 1936637.175348 ] 
vertexline variance is negative: -11190716781340646.000000
ref-point=(0.272680,0.182988,0.202636)
pos=(12.349375,8.292357,5.182353) at t=15.375448
err=
[ -172909461.819118, -175023289940.268616, -195868.124106 ] 
[ -175023289940.268616, -169648663417946.125000, 49045885.080682 ] 
[ -195868.124106, 49045885.080682, 1936637.175348 ] 
vertexline variance is negative: -9166853570700694.000000
ref-point=(0.272680,0.182988,0.202636)
pos=(11.202896,7.522518,4.709612) at t=13.915808
err=
[ -172909461.819118, -175023289940.268616, -195868.124106 ] 
[ -175023289940.268616, -169648663417946.125000, 49045885.080682 ] 
[ -195868.124106, 49045885.080682, 1936637.175348 ] 
vertexline variance is negative: -20781392984283.820312
ref-point=(0.272680,0.182988,0.202636)
pos=(0.792961,0.532446,0.417169) at t=0.662396
err=
[ -172909461.819118, -175023289940.268616, -195868.124106 ] 
[ -175023289940.268616, -169648663417946.125000, 49045885.080682 ] 
[ -195868.124106, 49045885.080682, 1936637.175348 ] 
vertexline variance is negative: -20769519439586.820312
ref-point=(0.272680,0.183088,0.202736)
pos=(0.792961,0.532446,0.417169) at t=0.662396
err=
[ -172909461.819118, -175023289940.268616, -195868.124106 ] 
[ -175023289940.268616, -169648663417946.125000, 49045885.080682 ] 
[ -195868.124106, 49045885.080682, 1936637.175348 ] 
vertexline variance is negative: -20774109464154.304688
ref-point=(0.272680,0.183088,0.202736)
pos=(0.793018,0.532485,0.417193) at t=0.662469
err=
[ -172909461.819118, -175023289940.268616, -195868.124106 ] 
[ -175023289940.268616, -169648663417946.125000, 49045885.080682 ] 
[ -195868.124106, 49045885.080682, 1936637.175348 ] 
vertexline variance is negative: -20764947466229.730469
ref-point=(0.272680,0.183088,0.202736)
pos=(0.792903,0.532408,0.417145) at t=0.662323
err=
[ -172909461.819118, -175023289940.268616, -195868.124106 ] 
[ -175023289940.268616, -169648663417946.125000, 49045885.080682 ] 
[ -195868.124106, 49045885.080682, 1936637.175348 ] 
vertexline variance is negative: -20769519439586.820312
ref-point=(0.272680,0.183088,0.202736)
pos=(0.792961,0.532446,0.417169) at t=0.662396
err=
[ -172909461.819118, -175023289940.268616, -195868.124106 ] 
[ -175023289940.268616, -169648663417946.125000, 49045885.080682 ] 
[ -195868.124106, 49045885.080682, 1936637.175348 ] 
vertexline variance is negative: -20774109464154.304688
ref-point=(0.272680,0.183088,0.202736)
pos=(0.793018,0.532485,0.417193) at t=0.662469
err=
[ -172909461.819118, -175023289940.268616, -195868.124106 ] 
[ -175023289940.268616, -169648663417946.125000, 49045885.080682 ] 
[ -195868.124106, 49045885.080682, 1936637.175348 ] 
vertexline variance is negative: -20764947466229.730469
ref-point=(0.272680,0.183088,0.202736)
pos=(0.792903,0.532408,0.417145) at t=0.662323
err=
[ -172909461.819118, -175023289940.268616, -195868.124106 ] 
[ -175023289940.268616, -169648663417946.125000, 49045885.080682 ] 
[ -195868.124106, 49045885.080682, 1936637.175348 ] 
vertexline variance is negative: -20816232958226.601562
ref-point=(0.272680,0.183088,0.202736)
pos=(0.793545,0.532839,0.417410) at t=0.663140
err=
[ -172909461.819118, -175023289940.268616, -195868.124106 ] 
[ -175023289940.268616, -169648663417946.125000, 49045885.080682 ] 
[ -195868.124106, 49045885.080682, 1936637.175348 ] 
vertexline variance is negative: -20724611063670.878906
ref-point=(0.272680,0.183088,0.202736)
pos=(0.792398,0.532068,0.416937) at t=0.661679
err=
[ -172909461.819118, -175023289940.268616, -195868.124106 ] 
[ -175023289940.268616, -169648663417946.125000, 49045885.080682 ] 
[ -195868.124106, 49045885.080682, 1936637.175348 ] 
vertexline variance is negative: -21318935548286.253906
ref-point=(0.272680,0.183088,0.202736)
pos=(0.799797,0.537037,0.419988) at t=0.671100
err=
[ -172909461.819118, -175023289940.268616, -195868.124106 ] 
[ -175023289940.268616, -169648663417946.125000, 49045885.080682 ] 
[ -195868.124106, 49045885.080682, 1936637.175348 ] 
vertexline variance is negative: -20400801029171.019531
ref-point=(0.272680,0.183088,0.202736)
pos=(0.788322,0.529331,0.415256) at t=0.656490
err=
[ -172909461.819118, -175023289940.268616, -195868.124106 ] 
[ -175023289940.268616, -169648663417946.125000, 49045885.080682 ] 
[ -195868.124106, 49045885.080682, 1936637.175348 ] 
vertexline variance is negative: -36269960539746.156250
ref-point=(0.272680,0.183088,0.202736)
pos=(0.960220,0.644758,0.486137) at t=0.875342
err=
[ -172909461.819118, -175023289940.268616, -195868.124106 ] 
[ -175023289940.268616, -169648663417946.125000, 49045885.080682 ] 
[ -195868.124106, 49045885.080682, 1936637.175348 ] 
vertexline variance is negative: -25173068882430.210938
ref-point=(0.272680,0.183088,0.202736)
pos=(0.845466,0.567703,0.438819) at t=0.729243
err=
[ -172909461.819118, -175023289940.268616, -195868.124106 ] 
[ -175023289940.268616, -169648663417946.125000, 49045885.080682 ] 
[ -195868.124106, 49045885.080682, 1936637.175348 ] 
vertexline variance is negative: -11190441211687304.000000
ref-point=(0.272680,0.183088,0.202736)
pos=(12.349375,8.292357,5.182353) at t=15.375448
err=
[ -172909461.819118, -175023289940.268616, -195868.124106 ] 
[ -175023289940.268616, -169648663417946.125000, 49045885.080682 ] 
[ -195868.124106, 49045885.080682, 1936637.175348 ] 
vertexline variance is negative: -9166604161595524.000000
ref-point=(0.272680,0.183088,0.202736)
pos=(11.202896,7.522518,4.709612) at t=13.915808
err=
[ -172909461.819118, -175023289940.268616, -195868.124106 ] 
[ -175023289940.268616, -169648663417946.125000, 49045885.080682 ] 
[ -195868.124106, 49045885.080682, 1936637.175348 ] 
vertexline variance is negative: -20769519439586.820312
ref-point=(0.272680,0.183088,0.202736)
pos=(0.792961,0.532446,0.417169) at t=0.662396
err=
[ -172909461.819118, -175023289940.268616, -195868.124106 ] 
[ -175023289940.268616, -169648663417946.125000, 49045885.080682 ] 
[ -195868.124106, 49045885.080682, 1936637.175348 ] 
vertexline variance is negative: -20769519432607.550781
ref-point=(0.272680,0.183088,0.202536)
pos=(0.792961,0.532446,0.417169) at t=0.662396
err=
[ -172909461.819118, -175023289940.268616, -195868.124106 ] 
[ -175023289940.268616, -169648663417946.125000, 49045885.080682 ] 
[ -195868.124106, 49045885.080682, 1936637.175348 ] 
vertexline variance is negative: -20774109457174.265625
ref-point=(0.272680,0.183088,0.202536)
pos=(0.793018,0.532485,0.417193) at t=0.662469
err=
[ -172909461.819118, -175023289940.268616, -195868.124106 ] 
[ -175023289940.268616, -169648663417946.125000, 49045885.080682 ] 
[ -195868.124106, 49045885.080682, 1936637.175348 ] 
vertexline variance is negative: -20764947459251.234375
ref-point=(0.272680,0.183088,0.202536)
pos=(0.792903,0.532408,0.417145) at t=0.662323
err=
[ -172909461.819118, -175023289940.268616, -195868.124106 ] 
[ -175023289940.268616, -169648663417946.125000, 49045885.080682 ] 
[ -195868.124106, 49045885.080682, 1936637.175348 ] 
vertexline variance is negative: -20769519432607.550781
ref-point=(0.272680,0.183088,0.202536)
pos=(0.792961,0.532446,0.417169) at t=0.662396
err=
[ -172909461.819118, -175023289940.268616, -195868.124106 ] 
[ -175023289940.268616, -169648663417946.125000, 49045885.080682 ] 
[ -195868.124106, 49045885.080682, 1936637.175348 ] 
vertexline variance is negative: -20774109457174.265625
ref-point=(0.272680,0.183088,0.202536)
pos=(0.793018,0.532485,0.417193) at t=0.662469
err=
[ -172909461.819118, -175023289940.268616, -195868.124106 ] 
[ -175023289940.268616, -169648663417946.125000, 49045885.080682 ] 
[ -195868.124106, 49045885.080682, 1936637.175348 ] 
vertexline variance is negative: -20764947459251.234375
ref-point=(0.272680,0.183088,0.202536)
pos=(0.792903,0.532408,0.417145) at t=0.662323
err=
[ -172909461.819118, -175023289940.268616, -195868.124106 ] 
[ -175023289940.268616, -169648663417946.125000, 49045885.080682 ] 
[ -195868.124106, 49045885.080682, 1936637.175348 ] 
vertexline variance is negative: -20816232951239.484375
ref-point=(0.272680,0.183088,0.202536)
pos=(0.793545,0.532839,0.417410) at t=0.663140
err=
[ -172909461.819118, -175023289940.268616, -195868.124106 ] 
[ -175023289940.268616, -169648663417946.125000, 49045885.080682 ] 
[ -195868.124106, 49045885.080682, 1936637.175348 ] 
vertexline variance is negative: -20724611056699.164062
ref-point=(0.272680,0.183088,0.202536)
pos=(0.792398,0.532068,0.416937) at t=0.661679
err=
[ -172909461.819118, -175023289940.268616, -195868.124106 ] 
[ -175023289940.268616, -169648663417946.125000, 49045885.080682 ] 
[ -195868.124106, 49045885.080682, 1936637.175348 ] 
vertexline variance is negative: -21318935541215.277344
ref-point=(0.272680,0.183088,0.202536)
pos=(0.799797,0.537037,0.419988) at t=0.671100
err=
[ -172909461.819118, -175023289940.268616, -195868.124106 ] 
[ -175023289940.268616, -169648663417946.125000, 49045885.080682 ] 
[ -195868.124106, 49045885.080682, 1936637.175348 ] 
vertexline variance is negative: -20400801022253.976562
ref-point=(0.272680,0.183088,0.202536)
pos=(0.788322,0.529331,0.415256) at t=0.656490
err=
[ -172909461.819118, -175023289940.268616, -195868.124106 ] 
[ -175023289940.268616, -169648663417946.125000, 49045885.080682 ] 
[ -195868.124106, 49045885.080682, 1936637.175348 ] 
vertexline variance is negative: -36269960530523.218750
ref-point=(0.272680,0.183088,0.202536)
pos=(0.960220,0.644758,0.486137) at t=0.875342
err=
[ -172909461.819118, -175023289940.268616, -195868.124106 ] 
[ -175023289940.268616, -169648663417946.125000, 49045885.080682 ] 
[ -195868.124106, 49045885.080682, 1936637.175348 ] 
vertexline variance is negative: -25173068874746.609375
ref-point=(0.272680,0.183088,0.202536)
pos=(0.845466,0.567703,0.438819) at t=0.729243
err=
[ -172909461.819118, -175023289940.268616, -195868.124106 ] 
[ -175023289940.268616, -169648663417946.125000, 49045885.080682 ] 
[ -195868.124106, 49045885.080682, 1936637.175348 ] 
vertexline variance is negative: -11190441211525304.000000
ref-point=(0.272680,0.183088,0.202536)
pos=(12.349375,8.292357,5.182353) at t=15.375448
err=
[ -172909461.819118, -175023289940.268616, -195868.124106 ] 
[ -175023289940.268616, -169648663417946.125000, 49045885.080682 ] 
[ -195868.124106, 49045885.080682, 1936637.175348 ] 
vertexline variance is negative: -9166604161448902.000000
ref-point=(0.272680,0.183088,0.202536)
pos=(11.202896,7.522518,4.709612) at t=13.915808
err=
[ -172909461.819118, -175023289940.268616, -195868.124106 ] 
[ -175023289940.268616, -169648663417946.125000, 49045885.080682 ] 
[ -195868.124106, 49045885.080682, 1936637.175348 ] 
vertexline variance is negative: -20769519432607.550781
ref-point=(0.272680,0.183088,0.202536)
pos=(0.792961,0.532446,0.417169) at t=0.662396
err=
[ -172909461.819118, -175023289940.268616, -195868.124106 ] 
[ -175023289940.268616, -169648663417946.125000, 49045885.080682 ] 
[ -195868.124106, 49045885.080682, 1936637.175348 ] 
vertexline variance is negative: -20769519436097.203125
ref-point=(0.272680,0.183088,0.202636)
pos=(0.792961,0.532446,0.417169) at t=0.662396
err=
[ -172909461.819118, -175023289940.268616, -195868.124106 ] 
[ -175023289940.268616, -169648663417946.125000, 49045885.080682 ] 
[ -195868.124106, 49045885.080682, 1936637.175348 ] 
vertexline variance is negative: -20774109460664.304688
ref-point=(0.272680,0.183088,0.202636)
pos=(0.793018,0.532485,0.417193) at t=0.662469
err=
[ -172909461.819118, -175023289940.268616, -195868.124106 ] 
[ -175023289940.268616, -169648663417946.125000, 49045885.080682 ] 
[ -195868.124106, 49045885.080682, 1936637.175348 ] 
vertexline variance is negative: -20764947462740.500000
ref-point=(0.272680,0.183088,0.202636)
pos=(0.792903,0.532408,0.417145) at t=0.662323
err=
[ -172909461.819118, -175023289940.268616, -195868.124106 ] 
[ -175023289940.268616, -169648663417946.125000, 49045885.080682 ] 
[ -195868.124106, 49045885.080682, 1936637.175348 ] 
vertexline variance is negative: -20769519436097.203125
ref-point=(0.272680,0.183088,0.202636)
pos=(0.792961,0.532446,0.417169) at t=0.662396
err=
[ -172909461.819118, -175023289940.268616, -195868.124106 ] 
[ -175023289940.268616, -169648663417946.125000, 49045885.080682 ] 
[ -195868.124106, 49045885.080682, 1936637.175348 ] 
vertexline variance is negative: -20774109460664.304688
ref-point=(0.272680,0.183088,0.202636)
pos=(0.793018,0.532485,0.417193) at t=0.662469
err=
[ -172909461.819118, -175023289940.268616, -195868.124106 ] 
[ -175023289940.268616, -169648663417946.125000, 49045885.080682 ] 
[ -195868.124106, 49045885.080682, 1936637.175348 ] 
vertexline variance is negative: -20764947462740.500000
ref-point=(0.272680,0.183088,0.202636)
pos=(0.792903,0.532408,0.417145) at t=0.662323
err=
[ -172909461.819118, -175023289940.268616, -195868.124106 ] 
[ -175023289940.268616, -169648663417946.125000, 49045885.080682 ] 
[ -195868.124106, 49045885.080682, 1936637.175348 ] 
vertexline variance is negative: -20816232954733.062500
ref-point=(0.272680,0.183088,0.202636)
pos=(0.793545,0.532839,0.417410) at t=0.663140
err=
[ -172909461.819118, -175023289940.268616, -195868.124106 ] 
[ -175023289940.268616, -169648663417946.125000, 49045885.080682 ] 
[ -195868.124106, 49045885.080682, 1936637.175348 ] 
vertexline variance is negative: -20724611060185.039062
ref-point=(0.272680,0.183088,0.202636)
pos=(0.792398,0.532068,0.416937) at t=0.661679
err=
[ -172909461.819118, -175023289940.268616, -195868.124106 ] 
[ -175023289940.268616, -169648663417946.125000, 49045885.080682 ] 
[ -195868.124106, 49045885.080682, 1936637.175348 ] 
vertexline variance is negative: -21318935544750.785156
ref-point=(0.272680,0.183088,0.202636)
pos=(0.799797,0.537037,0.419988) at t=0.671100
err=
[ -172909461.819118, -175023289940.268616, -195868.124106 ] 
[ -175023289940.268616, -169648663417946.125000, 49045885.080682 ] 
[ -195868.124106, 49045885.080682, 1936637.175348 ] 
vertexline variance is negative: -20400801025712.519531
ref-point=(0.272680,0.183088,0.202636)
pos=(0.788322,0.529331,0.415256) at t=0.656490
err=
[ -172909461.819118, -175023289940.268616, -195868.124106 ] 
[ -175023289940.268616, -169648663417946.125000, 49045885.080682 ] 
[ -195868.124106, 49045885.080682, 1936637.175348 ] 
vertexline variance is negative: -36269960535134.710938
ref-point=(0.272680,0.183088,0.202636)
pos=(0.960220,0.644758,0.486137) at t=0.875342
err=
[ -172909461.819118, -175023289940.268616, -195868.124106 ] 
[ -175023289940.268616, -169648663417946.125000, 49045885.080682 ] 
[ -195868.124106, 49045885.080682, 1936637.175348 ] 
vertexline variance is negative: -25173068878588.425781
ref-point=(0.272680,0.183088,0.202636)
pos=(0.845466,0.567703,0.438819) at t=0.729243
err=
[ -172909461.819118, -175023289940.268616, -195868.124106 ] 
[ -175023289940.268616, -169648663417946.125000, 49045885.080682 ] 
[ -195868.124106, 49045885.080682, 1936637.175348 ] 
vertexline variance is negative: -11190441211606304.000000
