Error in <TSystem::ExpandFileName>: input: $HOME/.root.mimes, output: $HOME/.root.mimes
Info in <TGeoManager::TGeoManager>: Geometry default, Detector Geometry created
Info in <TGeoManager::SetTopVolume>: Top volume is world_volume. Master volume is world_volume
Info in <TGeoNavigator::BuildCache>: --- Maximum geometry depth set to 100
++++++++++++++++++++++++++++++++++++++++++++++++++++++++++++++++++++++++++++++++++++++++++++++++++++++++++++++++++++++++++++++
++  The usage of the factory: "Beampipe_o1_v01" is DEPRECATED due to naming conventions.                                    ++
++  Please use "DD4hep_Beampipe_o1_v01" instead.                                                                            ++
++++++++++++++++++++++++++++++++++++++++++++++++++++++++++++++++++++++++++++++++++++++++++++++++++++++++++++++++++++++++++++++
Info in <TGeoManager::CheckGeometry>: Fixing runtime shapes...
Info in <TGeoManager::CheckGeometry>: ...Nothing to fix
Info in <TGeoManager::CloseGeometry>: Counting nodes...
Info in <TGeoManager::Voxelize>: Voxelizing...
Info in <TGeoManager::CloseGeometry>: Building cache...
Info in <TGeoManager::CountLevels>: max level = 5, max placements = 1044
Info in <TGeoManager::CloseGeometry>: 411734 nodes/ 5904 volume UID's in Detector Geometry
Info in <TGeoManager::CloseGeometry>: ----------------modeler ready----------------
vertexline variance is negative: -931.164991
ref-point=(2.156209,-7.136495,5.334128)
pos=(2.156208,-7.136495,5.334129) at t=0.000000
err=
[ 77586053782866352.000000, -330887970425763968.000000, -4020120804.165771 ] 
[ -330887970425763968.000000, 1392968558019315456.000000, 19246763778.937347 ] 
[ -4020120804.165771, 19246763778.937347, 547812.222941 ] 
vertexline variance is negative: -932.478656
ref-point=(2.156209,-7.136495,5.334128)
pos=(2.156208,-7.136495,5.334129) at t=0.000000
err=
[ 77586053782866352.000000, -330887970425763968.000000, -4020120804.165771 ] 
[ -330887970425763968.000000, 1392968558019315456.000000, 19246763778.937347 ] 
[ -4020120804.165771, 19246763778.937347, 547812.222941 ] 
vertexline variance is negative: -931.162859
ref-point=(2.156207,-7.136495,5.334128)
pos=(2.156207,-7.136495,5.334128) at t=-0.000000
err=
[ 77586053782866352.000000, -330887970425763968.000000, -4020120804.165771 ] 
[ -330887970425763968.000000, 1392968558019315456.000000, 19246763778.937347 ] 
[ -4020120804.165771, 19246763778.937347, 547812.222941 ] 
vertexline variance is negative: -932.483118
ref-point=(2.156207,-7.136495,5.334128)
pos=(2.156207,-7.136495,5.334128) at t=-0.000000
err=
[ 77586053782866352.000000, -330887970425763968.000000, -4020120804.165771 ] 
[ -330887970425763968.000000, 1392968558019315456.000000, 19246763778.937347 ] 
[ -4020120804.165771, 19246763778.937347, 547812.222941 ] 
vertexline variance is negative: -931.169013
ref-point=(2.156208,-7.136492,5.334128)
pos=(2.156207,-7.136492,5.334126) at t=-0.000004
err=
[ 77586053782866352.000000, -330887970425763968.000000, -4020120804.165771 ] 
[ -330887970425763968.000000, 1392968558019315456.000000, 19246763778.937347 ] 
[ -4020120804.165771, 19246763778.937347, 547812.222941 ] 
vertexline variance is negative: -932.847144
ref-point=(2.156208,-7.136492,5.334128)
pos=(2.156207,-7.136492,5.334126) at t=-0.000004
err=
[ 77586053782866352.000000, -330887970425763968.000000, -4020120804.165771 ] 
[ -330887970425763968.000000, 1392968558019315456.000000, 19246763778.937347 ] 
[ -4020120804.165771, 19246763778.937347, 547812.222941 ] 
vertexline variance is negative: -931.165686
ref-point=(2.156208,-7.136498,5.334128)
pos=(2.156208,-7.136498,5.334131) at t=0.000004
err=
[ 77586053782866352.000000, -330887970425763968.000000, -4020120804.165771 ] 
[ -330887970425763968.000000, 1392968558019315456.000000, 19246763778.937347 ] 
[ -4020120804.165771, 19246763778.937347, 547812.222941 ] 
vertexline variance is negative: -932.844602
ref-point=(2.156208,-7.136498,5.334128)
pos=(2.156208,-7.136498,5.334131) at t=0.000004
err=
[ 77586053782866352.000000, -330887970425763968.000000, -4020120804.165771 ] 
[ -330887970425763968.000000, 1392968558019315456.000000, 19246763778.937347 ] 
[ -4020120804.165771, 19246763778.937347, 547812.222941 ] 
vertexline variance is negative: -931.183425
ref-point=(2.156209,-7.136495,5.334129)
pos=(2.156208,-7.136495,5.334129) at t=0.000000
err=
[ 77586053782866352.000000, -330887970425763968.000000, -4020120804.165771 ] 
[ -330887970425763968.000000, 1392968558019315456.000000, 19246763778.937347 ] 
[ -4020120804.165771, 19246763778.937347, 547812.222941 ] 
vertexline variance is negative: -932.504874
ref-point=(2.156209,-7.136495,5.334129)
pos=(2.156208,-7.136495,5.334129) at t=0.000000
err=
[ 77586053782866352.000000, -330887970425763968.000000, -4020120804.165771 ] 
[ -330887970425763968.000000, 1392968558019315456.000000, 19246763778.937347 ] 
[ -4020120804.165771, 19246763778.937347, 547812.222941 ] 
vertexline variance is negative: -931.143858
ref-point=(2.156207,-7.136495,5.334129)
pos=(2.156207,-7.136495,5.334128) at t=-0.000000
err=
[ 77586053782866352.000000, -330887970425763968.000000, -4020120804.165771 ] 
[ -330887970425763968.000000, 1392968558019315456.000000, 19246763778.937347 ] 
[ -4020120804.165771, 19246763778.937347, 547812.222941 ] 
vertexline variance is negative: -932.456902
ref-point=(2.156207,-7.136495,5.334129)
pos=(2.156207,-7.136495,5.334128) at t=-0.000000
err=
[ 77586053782866352.000000, -330887970425763968.000000, -4020120804.165771 ] 
[ -330887970425763968.000000, 1392968558019315456.000000, 19246763778.937347 ] 
[ -4020120804.165771, 19246763778.937347, 547812.222941 ] 
vertexline variance is negative: -931.187447
ref-point=(2.156208,-7.136492,5.334129)
pos=(2.156207,-7.136492,5.334126) at t=-0.000004
err=
[ 77586053782866352.000000, -330887970425763968.000000, -4020120804.165771 ] 
[ -330887970425763968.000000, 1392968558019315456.000000, 19246763778.937347 ] 
[ -4020120804.165771, 19246763778.937347, 547812.222941 ] 
vertexline variance is negative: -932.866209
ref-point=(2.156208,-7.136492,5.334129)
pos=(2.156207,-7.136492,5.334126) at t=-0.000004
err=
[ 77586053782866352.000000, -330887970425763968.000000, -4020120804.165771 ] 
[ -330887970425763968.000000, 1392968558019315456.000000, 19246763778.937347 ] 
[ -4020120804.165771, 19246763778.937347, 547812.222941 ] 
vertexline variance is negative: -931.146688
ref-point=(2.156208,-7.136498,5.334129)
pos=(2.156208,-7.136498,5.334131) at t=0.000004
err=
[ 77586053782866352.000000, -330887970425763968.000000, -4020120804.165771 ] 
[ -330887970425763968.000000, 1392968558019315456.000000, 19246763778.937347 ] 
[ -4020120804.165771, 19246763778.937347, 547812.222941 ] 
vertexline variance is negative: -932.825565
ref-point=(2.156208,-7.136498,5.334129)
pos=(2.156208,-7.136498,5.334131) at t=0.000004
err=
[ 77586053782866352.000000, -330887970425763968.000000, -4020120804.165771 ] 
[ -330887970425763968.000000, 1392968558019315456.000000, 19246763778.937347 ] 
[ -4020120804.165771, 19246763778.937347, 547812.222941 ] 
vertexline variance is negative: -0.000000
ref-point=(2.156208,-7.136495,5.334128)
pos=(2.156208,-7.136495,5.334128) at t=-0.000000
err=
[ 77586053782866352.000000, -330887970425763968.000000, -4020120804.165771 ] 
[ -330887970425763968.000000, 1392968558019315456.000000, 19246763778.937347 ] 
[ -4020120804.165771, 19246763778.937347, 547812.222941 ] 
vertexline variance is negative: -931.183456
ref-point=(2.156209,-7.136495,5.334129)
pos=(2.156208,-7.136495,5.334129) at t=0.000000
err=
[ 77586053782866352.000000, -330887970425763968.000000, -4020120804.165771 ] 
[ -330887970425763968.000000, 1392968558019315456.000000, 19246763778.937347 ] 
[ -4020120804.165771, 19246763778.937347, 547812.222941 ] 
vertexline variance is negative: -932.504935
ref-point=(2.156209,-7.136495,5.334129)
pos=(2.156208,-7.136495,5.334129) at t=0.000000
err=
[ 77586053782866352.000000, -330887970425763968.000000, -4020120804.165771 ] 
[ -330887970425763968.000000, 1392968558019315456.000000, 19246763778.937347 ] 
[ -4020120804.165771, 19246763778.937347, 547812.222941 ] 
vertexline variance is negative: -931.143930
ref-point=(2.156207,-7.136495,5.334129)
pos=(2.156207,-7.136495,5.334128) at t=-0.000000
err=
[ 77586053782866352.000000, -330887970425763968.000000, -4020120804.165771 ] 
[ -330887970425763968.000000, 1392968558019315456.000000, 19246763778.937347 ] 
[ -4020120804.165771, 19246763778.937347, 547812.222941 ] 
vertexline variance is negative: -932.456963
ref-point=(2.156207,-7.136495,5.334129)
pos=(2.156207,-7.136495,5.334128) at t=-0.000000
err=
[ 77586053782866352.000000, -330887970425763968.000000, -4020120804.165771 ] 
[ -330887970425763968.000000, 1392968558019315456.000000, 19246763778.937347 ] 
[ -4020120804.165771, 19246763778.937347, 547812.222941 ] 
vertexline variance is negative: -931.187549
ref-point=(2.156208,-7.136492,5.334129)
pos=(2.156207,-7.136492,5.334126) at t=-0.000004
err=
[ 77586053782866352.000000, -330887970425763968.000000, -4020120804.165771 ] 
[ -330887970425763968.000000, 1392968558019315456.000000, 19246763778.937347 ] 
[ -4020120804.165771, 19246763778.937347, 547812.222941 ] 
vertexline variance is negative: -932.866223
ref-point=(2.156208,-7.136492,5.334129)
pos=(2.156207,-7.136492,5.334126) at t=-0.000004
err=
[ 77586053782866352.000000, -330887970425763968.000000, -4020120804.165771 ] 
[ -330887970425763968.000000, 1392968558019315456.000000, 19246763778.937347 ] 
[ -4020120804.165771, 19246763778.937347, 547812.222941 ] 
vertexline variance is negative: -931.146616
ref-point=(2.156208,-7.136498,5.334129)
pos=(2.156208,-7.136498,5.334131) at t=0.000004
err=
[ 77586053782866352.000000, -330887970425763968.000000, -4020120804.165771 ] 
[ -330887970425763968.000000, 1392968558019315456.000000, 19246763778.937347 ] 
[ -4020120804.165771, 19246763778.937347, 547812.222941 ] 
vertexline variance is negative: -932.825578
ref-point=(2.156208,-7.136498,5.334129)
pos=(2.156208,-7.136498,5.334131) at t=0.000004
err=
[ 77586053782866352.000000, -330887970425763968.000000, -4020120804.165771 ] 
[ -330887970425763968.000000, 1392968558019315456.000000, 19246763778.937347 ] 
[ -4020120804.165771, 19246763778.937347, 547812.222941 ] 
vertexline variance is negative: -231.539168
ref-point=(2.156208,-7.136495,5.334129)
pos=(2.156208,-7.136495,5.334129) at t=0.000000
err=
[ 77586053782866352.000000, -330887970425763968.000000, -4020120804.165771 ] 
[ -330887970425763968.000000, 1392968558019315456.000000, 19246763778.937347 ] 
[ -4020120804.165771, 19246763778.937347, 547812.222941 ] 
vertexline variance is negative: -232.963973
ref-point=(2.156208,-7.136495,5.334129)
pos=(2.156208,-7.136495,5.334129) at t=0.000000
err=
[ 77586053782866352.000000, -330887970425763968.000000, -4020120804.165771 ] 
[ -330887970425763968.000000, 1392968558019315456.000000, 19246763778.937347 ] 
[ -4020120804.165771, 19246763778.937347, 547812.222941 ] 
vertexline variance is negative: -231.517970
ref-point=(2.156207,-7.136495,5.334129)
pos=(2.156208,-7.136495,5.334128) at t=-0.000000
err=
[ 77586053782866352.000000, -330887970425763968.000000, -4020120804.165771 ] 
[ -330887970425763968.000000, 1392968558019315456.000000, 19246763778.937347 ] 
[ -4020120804.165771, 19246763778.937347, 547812.222941 ] 
vertexline variance is negative: -232.950054
ref-point=(2.156207,-7.136495,5.334129)
pos=(2.156208,-7.136495,5.334128) at t=-0.000000
err=
[ 77586053782866352.000000, -330887970425763968.000000, -4020120804.165771 ] 
[ -330887970425763968.000000, 1392968558019315456.000000, 19246763778.937347 ] 
[ -4020120804.165771, 19246763778.937347, 547812.222941 ] 
vertexline variance is negative: -3729.747609
ref-point=(2.156209,-7.136492,5.334129)
pos=(2.156207,-7.136492,5.334126) at t=-0.000004
err=
[ 77586053782866352.000000, -330887970425763968.000000, -4020120804.165771 ] 
[ -330887970425763968.000000, 1392968558019315456.000000, 19246763778.937347 ] 
[ -4020120804.165771, 19246763778.937347, 547812.222941 ] 
vertexline variance is negative: -3731.376414
ref-point=(2.156209,-7.136492,5.334129)
pos=(2.156207,-7.136492,5.334126) at t=-0.000004
err=
[ 77586053782866352.000000, -330887970425763968.000000, -4020120804.165771 ] 
[ -330887970425763968.000000, 1392968558019315456.000000, 19246763778.937347 ] 
[ -4020120804.165771, 19246763778.937347, 547812.222941 ] 
vertexline variance is negative: -931.180886
ref-point=(2.156209,-7.136495,5.334131)
pos=(2.156208,-7.136495,5.334129) at t=0.000000
err=
[ 77586053782866352.000000, -330887970425763968.000000, -4020120804.165771 ] 
[ -330887970425763968.000000, 1392968558019315456.000000, 19246763778.937347 ] 
[ -4020120804.165771, 19246763778.937347, 547812.222941 ] 
vertexline variance is negative: -932.502209
ref-point=(2.156209,-7.136495,5.334131)
pos=(2.156208,-7.136495,5.334129) at t=0.000000
err=
[ 77586053782866352.000000, -330887970425763968.000000, -4020120804.165771 ] 
[ -330887970425763968.000000, 1392968558019315456.000000, 19246763778.937347 ] 
[ -4020120804.165771, 19246763778.937347, 547812.222941 ] 
vertexline variance is negative: -931.184972
ref-point=(2.156208,-7.136492,5.334131)
pos=(2.156207,-7.136492,5.334126) at t=-0.000004
err=
[ 77586053782866352.000000, -330887970425763968.000000, -4020120804.165771 ] 
[ -330887970425763968.000000, 1392968558019315456.000000, 19246763778.937347 ] 
[ -4020120804.165771, 19246763778.937347, 547812.222941 ] 
vertexline variance is negative: -932.863537
ref-point=(2.156208,-7.136492,5.334131)
pos=(2.156207,-7.136492,5.334126) at t=-0.000004
err=
[ 77586053782866352.000000, -330887970425763968.000000, -4020120804.165771 ] 
[ -330887970425763968.000000, 1392968558019315456.000000, 19246763778.937347 ] 
[ -4020120804.165771, 19246763778.937347, 547812.222941 ] 
vertexline variance is negative: -0.019859
ref-point=(2.156208,-7.136495,5.334132)
pos=(2.156208,-7.136495,5.334128) at t=-0.000000
err=
[ 77586053782866352.000000, -330887970425763968.000000, -4020120804.165771 ] 
[ -330887970425763968.000000, 1392968558019315456.000000, 19246763778.937347 ] 
[ -4020120804.165771, 19246763778.937347, 547812.222941 ] 
