Error in <TSystem::ExpandFileName>: input: $HOME/.root.mimes, output: $HOME/.root.mimes
Info in <TGeoManager::TGeoManager>: Geometry default, Detector Geometry created
Info in <TGeoManager::SetTopVolume>: Top volume is world_volume. Master volume is world_volume
Info in <TGeoNavigator::BuildCache>: --- Maximum geometry depth set to 100
++++++++++++++++++++++++++++++++++++++++++++++++++++++++++++++++++++++++++++++++++++++++++++++++++++++++++++++++++++++++++++++
++  The usage of the factory: "Beampipe_o1_v01" is DEPRECATED due to naming conventions.                                    ++
++  Please use "DD4hep_Beampipe_o1_v01" instead.                                                                            ++
++++++++++++++++++++++++++++++++++++++++++++++++++++++++++++++++++++++++++++++++++++++++++++++++++++++++++++++++++++++++++++++
Info in <TGeoManager::CheckGeometry>: Fixing runtime shapes...
Info in <TGeoManager::CheckGeometry>: ...Nothing to fix
Info in <TGeoManager::CloseGeometry>: Counting nodes...
Info in <TGeoManager::Voxelize>: Voxelizing...
Info in <TGeoManager::CloseGeometry>: Building cache...
Info in <TGeoManager::CountLevels>: max level = 5, max placements = 1044
Info in <TGeoManager::CloseGeometry>: 411734 nodes/ 5904 volume UID's in Detector Geometry
Info in <TGeoManager::CloseGeometry>: ----------------modeler ready----------------
vertexline variance is negative: -0.000000
ref-point=(-0.093706,1.053813,0.012954)
pos=(-0.093706,1.053813,0.012954) at t=0.000000
err=
[ 643893.428344, -414844171.366844, 17392347.801925 ] 
[ -414844171.366844, -75086367808.223953, 1704347070.237346 ] 
[ 17392347.801925, 1704347070.237346, -13108615.317155 ] 
vertexline variance is negative: -2732.864141
ref-point=(-0.093706,1.053813,0.012954)
pos=(-0.093723,1.054004,0.012980) at t=0.000194
err=
[ 643893.428344, -414844171.366844, 17392347.801925 ] 
[ -414844171.366844, -75086367808.223953, 1704347070.237346 ] 
[ 17392347.801925, 1704347070.237346, -13108615.317155 ] 
vertexline variance is negative: -2725.002760
ref-point=(-0.093706,1.053813,0.012954)
pos=(-0.093689,1.053622,0.012929) at t=-0.000194
err=
[ 643893.428344, -414844171.366844, 17392347.801925 ] 
[ -414844171.366844, -75086367808.223953, 1704347070.237346 ] 
[ 17392347.801925, 1704347070.237346, -13108615.317155 ] 
vertexline variance is negative: -0.000000
ref-point=(-0.093706,1.053813,0.012954)
pos=(-0.093706,1.053813,0.012954) at t=0.000000
err=
[ 643893.428344, -414844171.366844, 17392347.801925 ] 
[ -414844171.366844, -75086367808.223953, 1704347070.237346 ] 
[ 17392347.801925, 1704347070.237346, -13108615.317155 ] 
vertexline variance is negative: -2732.864141
ref-point=(-0.093706,1.053813,0.012954)
pos=(-0.093723,1.054004,0.012980) at t=0.000194
err=
[ 643893.428344, -414844171.366844, 17392347.801925 ] 
[ -414844171.366844, -75086367808.223953, 1704347070.237346 ] 
[ 17392347.801925, 1704347070.237346, -13108615.317155 ] 
vertexline variance is negative: -2725.002760
ref-point=(-0.093706,1.053813,0.012954)
pos=(-0.093689,1.053622,0.012929) at t=-0.000194
err=
[ 643893.428344, -414844171.366844, 17392347.801925 ] 
[ -414844171.366844, -75086367808.223953, 1704347070.237346 ] 
[ 17392347.801925, 1704347070.237346, -13108615.317155 ] 
vertexline variance is negative: -276831.595003
ref-point=(-0.093706,1.053813,0.012954)
pos=(-0.093876,1.055740,0.013213) at t=0.001952
err=
[ 643893.428344, -414844171.366844, 17392347.801925 ] 
[ -414844171.366844, -75086367808.223953, 1704347070.237346 ] 
[ 17392347.801925, 1704347070.237346, -13108615.317155 ] 
vertexline variance is negative: -268983.026644
ref-point=(-0.093706,1.053813,0.012954)
pos=(-0.093537,1.051914,0.012699) at t=-0.001924
err=
[ 643893.428344, -414844171.366844, 17392347.801925 ] 
[ -414844171.366844, -75086367808.223953, 1704347070.237346 ] 
[ 17392347.801925, 1704347070.237346, -13108615.317155 ] 
vertexline variance is negative: -31354611.113082
ref-point=(-0.093706,1.053813,0.012954)
pos=(-0.095524,1.074320,0.015709) at t=0.020771
err=
[ 643893.428344, -414844171.366844, 17392347.801925 ] 
[ -414844171.366844, -75086367808.223953, 1704347070.237346 ] 
[ 17392347.801925, 1704347070.237346, -13108615.317155 ] 
vertexline variance is negative: -23506171.940278
ref-point=(-0.093706,1.053813,0.012954)
pos=(-0.092131,1.036057,0.010569) at t=-0.017985
err=
[ 643893.428344, -414844171.366844, 17392347.801925 ] 
[ -414844171.366844, -75086367808.223953, 1704347070.237346 ] 
[ 17392347.801925, 1704347070.237346, -13108615.317155 ] 
vertexline variance is negative: -8063795433.083848
ref-point=(-0.093706,1.053813,0.012954)
pos=(-0.122874,1.382687,0.057131) at t=0.333108
err=
[ 643893.428344, -414844171.366844, 17392347.801925 ] 
[ -414844171.366844, -75086367808.223953, 1704347070.237346 ] 
[ 17392347.801925, 1704347070.237346, -13108615.317155 ] 
vertexline variance is negative: -215465798.413968
ref-point=(-0.093706,1.053813,0.012954)
pos=(-0.088937,1.000054,0.005733) at t=-0.054451
err=
[ 643893.428344, -414844171.366844, 17392347.801925 ] 
[ -414844171.366844, -75086367808.223953, 1704347070.237346 ] 
[ 17392347.801925, 1704347070.237346, -13108615.317155 ] 
vertexline variance is negative: -18285666698127.589844
ref-point=(-0.093706,1.053813,0.012954)
pos=(-1.482718,16.714666,2.116629) at t=15.862444
err=
[ 643893.428344, -414844171.366844, 17392347.801925 ] 
[ -414844171.366844, -75086367808.223953, 1704347070.237346 ] 
[ 17392347.801925, 1704347070.237346, -13108615.317155 ] 
vertexline variance is negative: -10448156860184.376953
ref-point=(-0.093706,1.053813,0.012954)
pos=(-1.143660,12.891855,1.603122) at t=11.990424
err=
[ 643893.428344, -414844171.366844, 17392347.801925 ] 
[ -414844171.366844, -75086367808.223953, 1704347070.237346 ] 
[ 17392347.801925, 1704347070.237346, -13108615.317155 ] 
vertexline variance is negative: -0.000000
ref-point=(-0.093706,1.053813,0.012954)
pos=(-0.093706,1.053813,0.012954) at t=0.000000
err=
[ 643893.428344, -414844171.366844, 17392347.801925 ] 
[ -414844171.366844, -75086367808.223953, 1704347070.237346 ] 
[ 17392347.801925, 1704347070.237346, -13108615.317155 ] 
vertexline variance is negative: -25.708694
ref-point=(-0.093606,1.053813,0.012954)
pos=(-0.093707,1.053832,0.012957) at t=0.000019
err=
[ 643893.428344, -414844171.366844, 17392347.801925 ] 
[ -414844171.366844, -75086367808.223953, 1704347070.237346 ] 
[ 17392347.801925, 1704347070.237346, -13108615.317155 ] 
vertexline variance is negative: -28.856800
ref-point=(-0.093606,1.053813,0.012954)
pos=(-0.093704,1.053794,0.012952) at t=-0.000019
err=
[ 643893.428344, -414844171.366844, 17392347.801925 ] 
[ -414844171.366844, -75086367808.223953, 1704347070.237346 ] 
[ 17392347.801925, 1704347070.237346, -13108615.317155 ] 
vertexline variance is negative: -25.708697
ref-point=(-0.093606,1.053813,0.012954)
pos=(-0.093707,1.053832,0.012957) at t=0.000019
err=
[ 643893.428344, -414844171.366844, 17392347.801925 ] 
[ -414844171.366844, -75086367808.223953, 1704347070.237346 ] 
[ 17392347.801925, 1704347070.237346, -13108615.317155 ] 
vertexline variance is negative: -28.856803
ref-point=(-0.093606,1.053813,0.012954)
pos=(-0.093704,1.053794,0.012952) at t=-0.000019
err=
[ 643893.428344, -414844171.366844, 17392347.801925 ] 
[ -414844171.366844, -75086367808.223953, 1704347070.237346 ] 
[ 17392347.801925, 1704347070.237346, -13108615.317155 ] 
vertexline variance is negative: -28.866206
ref-point=(-0.093806,1.053813,0.012954)
pos=(-0.093707,1.053832,0.012957) at t=0.000019
err=
[ 643893.428344, -414844171.366844, 17392347.801925 ] 
[ -414844171.366844, -75086367808.223953, 1704347070.237346 ] 
[ 17392347.801925, 1704347070.237346, -13108615.317155 ] 
vertexline variance is negative: -25.699816
ref-point=(-0.093806,1.053813,0.012954)
pos=(-0.093704,1.053794,0.012952) at t=-0.000019
err=
[ 643893.428344, -414844171.366844, 17392347.801925 ] 
[ -414844171.366844, -75086367808.223953, 1704347070.237346 ] 
[ 17392347.801925, 1704347070.237346, -13108615.317155 ] 
vertexline variance is negative: -28.866210
ref-point=(-0.093806,1.053813,0.012954)
pos=(-0.093707,1.053832,0.012957) at t=0.000019
err=
[ 643893.428344, -414844171.366844, 17392347.801925 ] 
[ -414844171.366844, -75086367808.223953, 1704347070.237346 ] 
[ 17392347.801925, 1704347070.237346, -13108615.317155 ] 
vertexline variance is negative: -25.699819
ref-point=(-0.093806,1.053813,0.012954)
pos=(-0.093704,1.053794,0.012952) at t=-0.000019
err=
[ 643893.428344, -414844171.366844, 17392347.801925 ] 
[ -414844171.366844, -75086367808.223953, 1704347070.237346 ] 
[ 17392347.801925, 1704347070.237346, -13108615.317155 ] 
vertexline variance is negative: -750.860286
ref-point=(-0.093706,1.053913,0.012954)
pos=(-0.093706,1.053813,0.012954) at t=0.000000
err=
[ 643893.428344, -414844171.366844, 17392347.801925 ] 
[ -414844171.366844, -75086367808.223953, 1704347070.237346 ] 
[ 17392347.801925, 1704347070.237346, -13108615.317155 ] 
vertexline variance is negative: -618.755549
ref-point=(-0.093706,1.053913,0.012954)
pos=(-0.093723,1.054004,0.012980) at t=0.000194
err=
[ 643893.428344, -414844171.366844, 17392347.801925 ] 
[ -414844171.366844, -75086367808.223953, 1704347070.237346 ] 
[ 17392347.801925, 1704347070.237346, -13108615.317155 ] 
vertexline variance is negative: -6336.715038
ref-point=(-0.093706,1.053913,0.012954)
pos=(-0.093689,1.053622,0.012929) at t=-0.000194
err=
[ 643893.428344, -414844171.366844, 17392347.801925 ] 
[ -414844171.366844, -75086367808.223953, 1704347070.237346 ] 
[ 17392347.801925, 1704347070.237346, -13108615.317155 ] 
vertexline variance is negative: -750.860286
ref-point=(-0.093706,1.053913,0.012954)
pos=(-0.093706,1.053813,0.012954) at t=0.000000
err=
[ 643893.428344, -414844171.366844, 17392347.801925 ] 
[ -414844171.366844, -75086367808.223953, 1704347070.237346 ] 
[ 17392347.801925, 1704347070.237346, -13108615.317155 ] 
vertexline variance is negative: -618.755549
ref-point=(-0.093706,1.053913,0.012954)
pos=(-0.093723,1.054004,0.012980) at t=0.000194
err=
[ 643893.428344, -414844171.366844, 17392347.801925 ] 
[ -414844171.366844, -75086367808.223953, 1704347070.237346 ] 
[ 17392347.801925, 1704347070.237346, -13108615.317155 ] 
vertexline variance is negative: -6336.715038
ref-point=(-0.093706,1.053913,0.012954)
pos=(-0.093689,1.053622,0.012929) at t=-0.000194
err=
[ 643893.428344, -414844171.366844, 17392347.801925 ] 
[ -414844171.366844, -75086367808.223953, 1704347070.237346 ] 
[ 17392347.801925, 1704347070.237346, -13108615.317155 ] 
vertexline variance is negative: -248747.506913
ref-point=(-0.093706,1.053913,0.012954)
pos=(-0.093876,1.055740,0.013213) at t=0.001952
err=
[ 643893.428344, -414844171.366844, 17392347.801925 ] 
[ -414844171.366844, -75086367808.223953, 1704347070.237346 ] 
[ 17392347.801925, 1704347070.237346, -13108615.317155 ] 
vertexline variance is negative: -298157.147186
ref-point=(-0.093706,1.053913,0.012954)
pos=(-0.093537,1.051914,0.012699) at t=-0.001924
err=
[ 643893.428344, -414844171.366844, 17392347.801925 ] 
[ -414844171.366844, -75086367808.223953, 1704347070.237346 ] 
[ 17392347.801925, 1704347070.237346, -13108615.317155 ] 
vertexline variance is negative: -31048486.551611
ref-point=(-0.093706,1.053913,0.012954)
pos=(-0.095524,1.074320,0.015709) at t=0.020771
err=
[ 643893.428344, -414844171.366844, 17392347.801925 ] 
[ -414844171.366844, -75086367808.223953, 1704347070.237346 ] 
[ 17392347.801925, 1704347070.237346, -13108615.317155 ] 
vertexline variance is negative: -23772629.412476
ref-point=(-0.093706,1.053913,0.012954)
pos=(-0.092131,1.036057,0.010569) at t=-0.017985
err=
[ 643893.428344, -414844171.366844, 17392347.801925 ] 
[ -414844171.366844, -75086367808.223953, 1704347070.237346 ] 
[ 17392347.801925, 1704347070.237346, -13108615.317155 ] 
vertexline variance is negative: -8058874869.074524
ref-point=(-0.093706,1.053913,0.012954)
pos=(-0.122874,1.382687,0.057131) at t=0.333108
err=
[ 643893.428344, -414844171.366844, 17392347.801925 ] 
[ -414844171.366844, -75086367808.223953, 1704347070.237346 ] 
[ 17392347.801925, 1704347070.237346, -13108615.317155 ] 
vertexline variance is negative: -216271002.088164
ref-point=(-0.093706,1.053913,0.012954)
pos=(-0.088937,1.000054,0.005733) at t=-0.054451
err=
[ 643893.428344, -414844171.366844, 17392347.801925 ] 
[ -414844171.366844, -75086367808.223953, 1704347070.237346 ] 
[ 17392347.801925, 1704347070.237346, -13108615.317155 ] 
vertexline variance is negative: -18285432347883.593750
ref-point=(-0.093706,1.053913,0.012954)
pos=(-1.482718,16.714666,2.116629) at t=15.862444
err=
[ 643893.428344, -414844171.366844, 17392347.801925 ] 
[ -414844171.366844, -75086367808.223953, 1704347070.237346 ] 
[ 17392347.801925, 1704347070.237346, -13108615.317155 ] 
vertexline variance is negative: -10447979714978.650391
ref-point=(-0.093706,1.053913,0.012954)
pos=(-1.143660,12.891855,1.603122) at t=11.990424
err=
[ 643893.428344, -414844171.366844, 17392347.801925 ] 
[ -414844171.366844, -75086367808.223953, 1704347070.237346 ] 
[ 17392347.801925, 1704347070.237346, -13108615.317155 ] 
vertexline variance is negative: -750.860286
ref-point=(-0.093706,1.053913,0.012954)
pos=(-0.093706,1.053813,0.012954) at t=0.000000
err=
[ 643893.428344, -414844171.366844, 17392347.801925 ] 
[ -414844171.366844, -75086367808.223953, 1704347070.237346 ] 
[ 17392347.801925, 1704347070.237346, -13108615.317155 ] 
vertexline variance is negative: -750.867070
ref-point=(-0.093706,1.053713,0.012954)
pos=(-0.093706,1.053813,0.012954) at t=0.000000
err=
[ 643893.428344, -414844171.366844, 17392347.801925 ] 
[ -414844171.366844, -75086367808.223953, 1704347070.237346 ] 
[ 17392347.801925, 1704347070.237346, -13108615.317155 ] 
vertexline variance is negative: -6348.700090
ref-point=(-0.093706,1.053713,0.012954)
pos=(-0.093723,1.054004,0.012980) at t=0.000194
err=
[ 643893.428344, -414844171.366844, 17392347.801925 ] 
[ -414844171.366844, -75086367808.223953, 1704347070.237346 ] 
[ 17392347.801925, 1704347070.237346, -13108615.317155 ] 
vertexline variance is negative: -615.017837
ref-point=(-0.093706,1.053713,0.012954)
pos=(-0.093689,1.053622,0.012929) at t=-0.000194
err=
[ 643893.428344, -414844171.366844, 17392347.801925 ] 
[ -414844171.366844, -75086367808.223953, 1704347070.237346 ] 
[ 17392347.801925, 1704347070.237346, -13108615.317155 ] 
vertexline variance is negative: -750.867070
ref-point=(-0.093706,1.053713,0.012954)
pos=(-0.093706,1.053813,0.012954) at t=0.000000
err=
[ 643893.428344, -414844171.366844, 17392347.801925 ] 
[ -414844171.366844, -75086367808.223953, 1704347070.237346 ] 
[ 17392347.801925, 1704347070.237346, -13108615.317155 ] 
vertexline variance is negative: -6348.700090
ref-point=(-0.093706,1.053713,0.012954)
pos=(-0.093723,1.054004,0.012980) at t=0.000194
err=
[ 643893.428344, -414844171.366844, 17392347.801925 ] 
[ -414844171.366844, -75086367808.223953, 1704347070.237346 ] 
[ 17392347.801925, 1704347070.237346, -13108615.317155 ] 
vertexline variance is negative: -615.017837
ref-point=(-0.093706,1.053713,0.012954)
pos=(-0.093689,1.053622,0.012929) at t=-0.000194
err=
[ 643893.428344, -414844171.366844, 17392347.801925 ] 
[ -414844171.366844, -75086367808.223953, 1704347070.237346 ] 
[ 17392347.801925, 1704347070.237346, -13108615.317155 ] 
vertexline variance is negative: -306417.410449
ref-point=(-0.093706,1.053713,0.012954)
pos=(-0.093876,1.055740,0.013213) at t=0.001952
err=
[ 643893.428344, -414844171.366844, 17392347.801925 ] 
[ -414844171.366844, -75086367808.223953, 1704347070.237346 ] 
[ 17392347.801925, 1704347070.237346, -13108615.317155 ] 
vertexline variance is negative: -241310.633459
ref-point=(-0.093706,1.053713,0.012954)
pos=(-0.093537,1.051914,0.012699) at t=-0.001924
err=
[ 643893.428344, -414844171.366844, 17392347.801925 ] 
[ -414844171.366844, -75086367808.223953, 1704347070.237346 ] 
[ 17392347.801925, 1704347070.237346, -13108615.317155 ] 
vertexline variance is negative: -31662237.401909
ref-point=(-0.093706,1.053713,0.012954)
pos=(-0.095524,1.074320,0.015709) at t=0.020771
err=
[ 643893.428344, -414844171.366844, 17392347.801925 ] 
[ -414844171.366844, -75086367808.223953, 1704347070.237346 ] 
[ 17392347.801925, 1704347070.237346, -13108615.317155 ] 
vertexline variance is negative: -23241216.195435
ref-point=(-0.093706,1.053713,0.012954)
pos=(-0.092131,1.036057,0.010569) at t=-0.017985
err=
[ 643893.428344, -414844171.366844, 17392347.801925 ] 
[ -414844171.366844, -75086367808.223953, 1704347070.237346 ] 
[ 17392347.801925, 1704347070.237346, -13108615.317155 ] 
vertexline variance is negative: -8068717498.820529
ref-point=(-0.093706,1.053713,0.012954)
pos=(-0.122874,1.382687,0.057131) at t=0.333108
err=
[ 643893.428344, -414844171.366844, 17392347.801925 ] 
[ -414844171.366844, -75086367808.223953, 1704347070.237346 ] 
[ 17392347.801925, 1704347070.237346, -13108615.317155 ] 
vertexline variance is negative: -214662096.467129
ref-point=(-0.093706,1.053713,0.012954)
pos=(-0.088937,1.000054,0.005733) at t=-0.054451
err=
[ 643893.428344, -414844171.366844, 17392347.801925 ] 
[ -414844171.366844, -75086367808.223953, 1704347070.237346 ] 
[ 17392347.801925, 1704347070.237346, -13108615.317155 ] 
vertexline variance is negative: -18285901049873.324219
ref-point=(-0.093706,1.053713,0.012954)
pos=(-1.482718,16.714666,2.116629) at t=15.862444
err=
[ 643893.428344, -414844171.366844, 17392347.801925 ] 
[ -414844171.366844, -75086367808.223953, 1704347070.237346 ] 
[ 17392347.801925, 1704347070.237346, -13108615.317155 ] 
vertexline variance is negative: -10448334006891.830078
ref-point=(-0.093706,1.053713,0.012954)
pos=(-1.143660,12.891855,1.603122) at t=11.990424
err=
[ 643893.428344, -414844171.366844, 17392347.801925 ] 
[ -414844171.366844, -75086367808.223953, 1704347070.237346 ] 
[ 17392347.801925, 1704347070.237346, -13108615.317155 ] 
vertexline variance is negative: -750.867070
ref-point=(-0.093706,1.053713,0.012954)
pos=(-0.093706,1.053813,0.012954) at t=0.000000
err=
[ 643893.428344, -414844171.366844, 17392347.801925 ] 
[ -414844171.366844, -75086367808.223953, 1704347070.237346 ] 
[ 17392347.801925, 1704347070.237346, -13108615.317155 ] 
vertexline variance is negative: -0.131163
ref-point=(-0.093706,1.053813,0.013054)
pos=(-0.093706,1.053813,0.012954) at t=0.000000
err=
[ 643893.428344, -414844171.366844, 17392347.801925 ] 
[ -414844171.366844, -75086367808.223953, 1704347070.237346 ] 
[ 17392347.801925, 1704347070.237346, -13108615.317155 ] 
vertexline variance is negative: -2798.130239
ref-point=(-0.093706,1.053813,0.013054)
pos=(-0.093723,1.054004,0.012980) at t=0.000194
err=
[ 643893.428344, -414844171.366844, 17392347.801925 ] 
[ -414844171.366844, -75086367808.223953, 1704347070.237346 ] 
[ 17392347.801925, 1704347070.237346, -13108615.317155 ] 
vertexline variance is negative: -2660.092586
ref-point=(-0.093706,1.053813,0.013054)
pos=(-0.093689,1.053622,0.012929) at t=-0.000194
err=
[ 643893.428344, -414844171.366844, 17392347.801925 ] 
[ -414844171.366844, -75086367808.223953, 1704347070.237346 ] 
[ 17392347.801925, 1704347070.237346, -13108615.317155 ] 
vertexline variance is negative: -0.131163
ref-point=(-0.093706,1.053813,0.013054)
pos=(-0.093706,1.053813,0.012954) at t=0.000000
err=
[ 643893.428344, -414844171.366844, 17392347.801925 ] 
[ -414844171.366844, -75086367808.223953, 1704347070.237346 ] 
[ 17392347.801925, 1704347070.237346, -13108615.317155 ] 
vertexline variance is negative: -2798.130239
ref-point=(-0.093706,1.053813,0.013054)
pos=(-0.093723,1.054004,0.012980) at t=0.000194
err=
[ 643893.428344, -414844171.366844, 17392347.801925 ] 
[ -414844171.366844, -75086367808.223953, 1704347070.237346 ] 
[ 17392347.801925, 1704347070.237346, -13108615.317155 ] 
vertexline variance is negative: -2660.092586
ref-point=(-0.093706,1.053813,0.013054)
pos=(-0.093689,1.053622,0.012929) at t=-0.000194
err=
[ 643893.428344, -414844171.366844, 17392347.801925 ] 
[ -414844171.366844, -75086367808.223953, 1704347070.237346 ] 
[ 17392347.801925, 1704347070.237346, -13108615.317155 ] 
vertexline variance is negative: -277487.287379
ref-point=(-0.093706,1.053813,0.013054)
pos=(-0.093876,1.055740,0.013213) at t=0.001952
err=
[ 643893.428344, -414844171.366844, 17392347.801925 ] 
[ -414844171.366844, -75086367808.223953, 1704347070.237346 ] 
[ 17392347.801925, 1704347070.237346, -13108615.317155 ] 
vertexline variance is negative: -268336.956305
ref-point=(-0.093706,1.053813,0.013054)
pos=(-0.093537,1.051914,0.012699) at t=-0.001924
err=
[ 643893.428344, -414844171.366844, 17392347.801925 ] 
[ -414844171.366844, -75086367808.223953, 1704347070.237346 ] 
[ 17392347.801925, 1704347070.237346, -13108615.317155 ] 
vertexline variance is negative: -31361588.042717
ref-point=(-0.093706,1.053813,0.013054)
pos=(-0.095524,1.074320,0.015709) at t=0.020771
err=
[ 643893.428344, -414844171.366844, 17392347.801925 ] 
[ -414844171.366844, -75086367808.223953, 1704347070.237346 ] 
[ 17392347.801925, 1704347070.237346, -13108615.317155 ] 
vertexline variance is negative: -23500131.243951
ref-point=(-0.093706,1.053813,0.013054)
pos=(-0.092131,1.036057,0.010569) at t=-0.017985
err=
[ 643893.428344, -414844171.366844, 17392347.801925 ] 
[ -414844171.366844, -75086367808.223953, 1704347070.237346 ] 
[ 17392347.801925, 1704347070.237346, -13108615.317155 ] 
vertexline variance is negative: -8063907319.080172
ref-point=(-0.093706,1.053813,0.013054)
pos=(-0.122874,1.382687,0.057131) at t=0.333108
err=
[ 643893.428344, -414844171.366844, 17392347.801925 ] 
[ -414844171.366844, -75086367808.223953, 1704347070.237346 ] 
[ 17392347.801925, 1704347070.237346, -13108615.317155 ] 
vertexline variance is negative: -215447509.347742
ref-point=(-0.093706,1.053813,0.013054)
pos=(-0.088937,1.000054,0.005733) at t=-0.054451
err=
[ 643893.428344, -414844171.366844, 17392347.801925 ] 
[ -414844171.366844, -75086367808.223953, 1704347070.237346 ] 
[ 17392347.801925, 1704347070.237346, -13108615.317155 ] 
vertexline variance is negative: -18285672026086.718750
ref-point=(-0.093706,1.053813,0.013054)
pos=(-1.482718,16.714666,2.116629) at t=15.862444
err=
[ 643893.428344, -414844171.366844, 17392347.801925 ] 
[ -414844171.366844, -75086367808.223953, 1704347070.237346 ] 
[ 17392347.801925, 1704347070.237346, -13108615.317155 ] 
vertexline variance is negative: -10448160887589.611328
ref-point=(-0.093706,1.053813,0.013054)
pos=(-1.143660,12.891855,1.603122) at t=11.990424
err=
[ 643893.428344, -414844171.366844, 17392347.801925 ] 
[ -414844171.366844, -75086367808.223953, 1704347070.237346 ] 
[ 17392347.801925, 1704347070.237346, -13108615.317155 ] 
vertexline variance is negative: -0.131163
ref-point=(-0.093706,1.053813,0.013054)
pos=(-0.093706,1.053813,0.012954) at t=0.000000
err=
[ 643893.428344, -414844171.366844, 17392347.801925 ] 
[ -414844171.366844, -75086367808.223953, 1704347070.237346 ] 
[ 17392347.801925, 1704347070.237346, -13108615.317155 ] 
vertexline variance is negative: -0.131009
ref-point=(-0.093706,1.053813,0.012854)
pos=(-0.093706,1.053813,0.012954) at t=0.000000
err=
[ 643893.428344, -414844171.366844, 17392347.801925 ] 
[ -414844171.366844, -75086367808.223953, 1704347070.237346 ] 
[ 17392347.801925, 1704347070.237346, -13108615.317155 ] 
vertexline variance is negative: -2667.860216
ref-point=(-0.093706,1.053813,0.012854)
pos=(-0.093723,1.054004,0.012980) at t=0.000194
err=
[ 643893.428344, -414844171.366844, 17392347.801925 ] 
[ -414844171.366844, -75086367808.223953, 1704347070.237346 ] 
[ 17392347.801925, 1704347070.237346, -13108615.317155 ] 
vertexline variance is negative: -2790.175106
ref-point=(-0.093706,1.053813,0.012854)
pos=(-0.093689,1.053622,0.012929) at t=-0.000194
err=
[ 643893.428344, -414844171.366844, 17392347.801925 ] 
[ -414844171.366844, -75086367808.223953, 1704347070.237346 ] 
[ 17392347.801925, 1704347070.237346, -13108615.317155 ] 
vertexline variance is negative: -0.131009
ref-point=(-0.093706,1.053813,0.012854)
pos=(-0.093706,1.053813,0.012954) at t=0.000000
err=
[ 643893.428344, -414844171.366844, 17392347.801925 ] 
[ -414844171.366844, -75086367808.223953, 1704347070.237346 ] 
[ 17392347.801925, 1704347070.237346, -13108615.317155 ] 
vertexline variance is negative: -2667.860216
ref-point=(-0.093706,1.053813,0.012854)
pos=(-0.093723,1.054004,0.012980) at t=0.000194
err=
[ 643893.428344, -414844171.366844, 17392347.801925 ] 
[ -414844171.366844, -75086367808.223953, 1704347070.237346 ] 
[ 17392347.801925, 1704347070.237346, -13108615.317155 ] 
vertexline variance is negative: -2790.175106
ref-point=(-0.093706,1.053813,0.012854)
pos=(-0.093689,1.053622,0.012929) at t=-0.000194
err=
[ 643893.428344, -414844171.366844, 17392347.801925 ] 
[ -414844171.366844, -75086367808.223953, 1704347070.237346 ] 
[ 17392347.801925, 1704347070.237346, -13108615.317155 ] 
vertexline variance is negative: -276176.164799
ref-point=(-0.093706,1.053813,0.012854)
pos=(-0.093876,1.055740,0.013213) at t=0.001952
err=
[ 643893.428344, -414844171.366844, 17392347.801925 ] 
[ -414844171.366844, -75086367808.223953, 1704347070.237346 ] 
[ 17392347.801925, 1704347070.237346, -13108615.317155 ] 
vertexline variance is negative: -269629.359156
ref-point=(-0.093706,1.053813,0.012854)
pos=(-0.093537,1.051914,0.012699) at t=-0.001924
err=
[ 643893.428344, -414844171.366844, 17392347.801925 ] 
[ -414844171.366844, -75086367808.223953, 1704347070.237346 ] 
[ 17392347.801925, 1704347070.237346, -13108615.317155 ] 
vertexline variance is negative: -31347634.445620
ref-point=(-0.093706,1.053813,0.012854)
pos=(-0.095524,1.074320,0.015709) at t=0.020771
err=
[ 643893.428344, -414844171.366844, 17392347.801925 ] 
[ -414844171.366844, -75086367808.223953, 1704347070.237346 ] 
[ 17392347.801925, 1704347070.237346, -13108615.317155 ] 
vertexline variance is negative: -23512212.898777
ref-point=(-0.093706,1.053813,0.012854)
pos=(-0.092131,1.036057,0.010569) at t=-0.017985
err=
[ 643893.428344, -414844171.366844, 17392347.801925 ] 
[ -414844171.366844, -75086367808.223953, 1704347070.237346 ] 
[ 17392347.801925, 1704347070.237346, -13108615.317155 ] 
vertexline variance is negative: -8063683547.349697
ref-point=(-0.093706,1.053813,0.012854)
pos=(-0.122874,1.382687,0.057131) at t=0.333108
err=
[ 643893.428344, -414844171.366844, 17392347.801925 ] 
[ -414844171.366844, -75086367808.223953, 1704347070.237346 ] 
[ 17392347.801925, 1704347070.237346, -13108615.317155 ] 
vertexline variance is negative: -215484087.742367
ref-point=(-0.093706,1.053813,0.012854)
pos=(-0.088937,1.000054,0.005733) at t=-0.054451
err=
[ 643893.428344, -414844171.366844, 17392347.801925 ] 
[ -414844171.366844, -75086367808.223953, 1704347070.237346 ] 
[ 17392347.801925, 1704347070.237346, -13108615.317155 ] 
vertexline variance is negative: -18285661370168.730469
ref-point=(-0.093706,1.053813,0.012854)
pos=(-1.482718,16.714666,2.116629) at t=15.862444
err=
[ 643893.428344, -414844171.366844, 17392347.801925 ] 
[ -414844171.366844, -75086367808.223953, 1704347070.237346 ] 
[ 17392347.801925, 1704347070.237346, -13108615.317155 ] 
vertexline variance is negative: -10448152832779.406250
ref-point=(-0.093706,1.053813,0.012854)
pos=(-1.143660,12.891855,1.603122) at t=11.990424
err=
[ 643893.428344, -414844171.366844, 17392347.801925 ] 
[ -414844171.366844, -75086367808.223953, 1704347070.237346 ] 
[ 17392347.801925, 1704347070.237346, -13108615.317155 ] 
vertexline variance is negative: -0.131009
ref-point=(-0.093706,1.053813,0.012854)
pos=(-0.093706,1.053813,0.012954) at t=0.000000
err=
[ 643893.428344, -414844171.366844, 17392347.801925 ] 
[ -414844171.366844, -75086367808.223953, 1704347070.237346 ] 
[ 17392347.801925, 1704347070.237346, -13108615.317155 ] 
vertexline variance is negative: -28.866206
ref-point=(-0.093806,1.053813,0.012954)
pos=(-0.093707,1.053832,0.012957) at t=0.000019
err=
[ 643893.428344, -414844171.366844, 17392347.801925 ] 
[ -414844171.366844, -75086367808.223953, 1704347070.237346 ] 
[ 17392347.801925, 1704347070.237346, -13108615.317155 ] 
vertexline variance is negative: -25.699816
ref-point=(-0.093806,1.053813,0.012954)
pos=(-0.093704,1.053794,0.012952) at t=-0.000019
err=
[ 643893.428344, -414844171.366844, 17392347.801925 ] 
[ -414844171.366844, -75086367808.223953, 1704347070.237346 ] 
[ 17392347.801925, 1704347070.237346, -13108615.317155 ] 
vertexline variance is negative: -28.866210
ref-point=(-0.093806,1.053813,0.012954)
pos=(-0.093707,1.053832,0.012957) at t=0.000019
err=
[ 643893.428344, -414844171.366844, 17392347.801925 ] 
[ -414844171.366844, -75086367808.223953, 1704347070.237346 ] 
[ 17392347.801925, 1704347070.237346, -13108615.317155 ] 
vertexline variance is negative: -25.699819
ref-point=(-0.093806,1.053813,0.012954)
pos=(-0.093704,1.053794,0.012952) at t=-0.000019
err=
[ 643893.428344, -414844171.366844, 17392347.801925 ] 
[ -414844171.366844, -75086367808.223953, 1704347070.237346 ] 
[ 17392347.801925, 1704347070.237346, -13108615.317155 ] 
vertexline variance is negative: -35.026698
ref-point=(-0.094206,1.053813,0.012954)
pos=(-0.093707,1.053832,0.012957) at t=0.000019
err=
[ 643893.428344, -414844171.366844, 17392347.801925 ] 
[ -414844171.366844, -75086367808.223953, 1704347070.237346 ] 
[ 17392347.801925, 1704347070.237346, -13108615.317155 ] 
vertexline variance is negative: -19.231314
ref-point=(-0.094206,1.053813,0.012954)
pos=(-0.093704,1.053794,0.012952) at t=-0.000019
err=
[ 643893.428344, -414844171.366844, 17392347.801925 ] 
[ -414844171.366844, -75086367808.223953, 1704347070.237346 ] 
[ 17392347.801925, 1704347070.237346, -13108615.317155 ] 
vertexline variance is negative: -35.026701
ref-point=(-0.094206,1.053813,0.012954)
pos=(-0.093707,1.053832,0.012957) at t=0.000019
err=
[ 643893.428344, -414844171.366844, 17392347.801925 ] 
[ -414844171.366844, -75086367808.223953, 1704347070.237346 ] 
[ 17392347.801925, 1704347070.237346, -13108615.317155 ] 
vertexline variance is negative: -19.231316
ref-point=(-0.094206,1.053813,0.012954)
pos=(-0.093704,1.053794,0.012952) at t=-0.000019
err=
[ 643893.428344, -414844171.366844, 17392347.801925 ] 
[ -414844171.366844, -75086367808.223953, 1704347070.237346 ] 
[ 17392347.801925, 1704347070.237346, -13108615.317155 ] 
vertexline variance is negative: -31.972208
ref-point=(-0.094006,1.053813,0.012954)
pos=(-0.093707,1.053832,0.012957) at t=0.000019
err=
[ 643893.428344, -414844171.366844, 17392347.801925 ] 
[ -414844171.366844, -75086367808.223953, 1704347070.237346 ] 
[ 17392347.801925, 1704347070.237346, -13108615.317155 ] 
vertexline variance is negative: -22.491321
ref-point=(-0.094006,1.053813,0.012954)
pos=(-0.093704,1.053794,0.012952) at t=-0.000019
err=
[ 643893.428344, -414844171.366844, 17392347.801925 ] 
[ -414844171.366844, -75086367808.223953, 1704347070.237346 ] 
[ 17392347.801925, 1704347070.237346, -13108615.317155 ] 
vertexline variance is negative: -31.972211
ref-point=(-0.094006,1.053813,0.012954)
pos=(-0.093707,1.053832,0.012957) at t=0.000019
err=
[ 643893.428344, -414844171.366844, 17392347.801925 ] 
[ -414844171.366844, -75086367808.223953, 1704347070.237346 ] 
[ 17392347.801925, 1704347070.237346, -13108615.317155 ] 
vertexline variance is negative: -22.491323
ref-point=(-0.094006,1.053813,0.012954)
pos=(-0.093704,1.053794,0.012952) at t=-0.000019
err=
[ 643893.428344, -414844171.366844, 17392347.801925 ] 
[ -414844171.366844, -75086367808.223953, 1704347070.237346 ] 
[ 17392347.801925, 1704347070.237346, -13108615.317155 ] 
vertexline variance is negative: -0.000000
ref-point=(-0.093706,1.053813,0.012954)
pos=(-0.093706,1.053813,0.012954) at t=0.000000
err=
[ 643893.428344, -414844171.366844, 17392347.801925 ] 
[ -414844171.366844, -75086367808.223953, 1704347070.237346 ] 
[ 17392347.801925, 1704347070.237346, -13108615.317155 ] 
vertexline variance is negative: -2732.878639
ref-point=(-0.093706,1.053813,0.012954)
pos=(-0.093723,1.054004,0.012980) at t=0.000194
err=
[ 643893.428344, -414844171.366844, 17392347.801925 ] 
[ -414844171.366844, -75086367808.223953, 1704347070.237346 ] 
[ 17392347.801925, 1704347070.237346, -13108615.317155 ] 
vertexline variance is negative: -2724.988283
ref-point=(-0.093706,1.053813,0.012954)
pos=(-0.093689,1.053622,0.012929) at t=-0.000194
err=
[ 643893.428344, -414844171.366844, 17392347.801925 ] 
[ -414844171.366844, -75086367808.223953, 1704347070.237346 ] 
[ 17392347.801925, 1704347070.237346, -13108615.317155 ] 
vertexline variance is negative: -0.000000
ref-point=(-0.093706,1.053813,0.012954)
pos=(-0.093706,1.053813,0.012954) at t=0.000000
err=
[ 643893.428344, -414844171.366844, 17392347.801925 ] 
[ -414844171.366844, -75086367808.223953, 1704347070.237346 ] 
[ 17392347.801925, 1704347070.237346, -13108615.317155 ] 
vertexline variance is negative: -2732.878639
ref-point=(-0.093706,1.053813,0.012954)
pos=(-0.093723,1.054004,0.012980) at t=0.000194
err=
[ 643893.428344, -414844171.366844, 17392347.801925 ] 
[ -414844171.366844, -75086367808.223953, 1704347070.237346 ] 
[ 17392347.801925, 1704347070.237346, -13108615.317155 ] 
vertexline variance is negative: -2724.988283
ref-point=(-0.093706,1.053813,0.012954)
pos=(-0.093689,1.053622,0.012929) at t=-0.000194
err=
[ 643893.428344, -414844171.366844, 17392347.801925 ] 
[ -414844171.366844, -75086367808.223953, 1704347070.237346 ] 
[ 17392347.801925, 1704347070.237346, -13108615.317155 ] 
vertexline variance is negative: -276831.740921
ref-point=(-0.093706,1.053813,0.012954)
pos=(-0.093876,1.055740,0.013213) at t=0.001952
err=
[ 643893.428344, -414844171.366844, 17392347.801925 ] 
[ -414844171.366844, -75086367808.223953, 1704347070.237346 ] 
[ 17392347.801925, 1704347070.237346, -13108615.317155 ] 
vertexline variance is negative: -268982.882810
ref-point=(-0.093706,1.053813,0.012954)
pos=(-0.093537,1.051914,0.012699) at t=-0.001924
err=
[ 643893.428344, -414844171.366844, 17392347.801925 ] 
[ -414844171.366844, -75086367808.223953, 1704347070.237346 ] 
[ 17392347.801925, 1704347070.237346, -13108615.317155 ] 
vertexline variance is negative: -31354612.666009
ref-point=(-0.093706,1.053813,0.012954)
pos=(-0.095524,1.074320,0.015709) at t=0.020771
err=
[ 643893.428344, -414844171.366844, 17392347.801925 ] 
[ -414844171.366844, -75086367808.223953, 1704347070.237346 ] 
[ 17392347.801925, 1704347070.237346, -13108615.317155 ] 
vertexline variance is negative: -23506170.595684
ref-point=(-0.093706,1.053813,0.012954)
pos=(-0.092131,1.036057,0.010569) at t=-0.017985
err=
[ 643893.428344, -414844171.366844, 17392347.801925 ] 
[ -414844171.366844, -75086367808.223953, 1704347070.237346 ] 
[ 17392347.801925, 1704347070.237346, -13108615.317155 ] 
vertexline variance is negative: -8063795457.987891
ref-point=(-0.093706,1.053813,0.012954)
pos=(-0.122874,1.382687,0.057131) at t=0.333108
err=
[ 643893.428344, -414844171.366844, 17392347.801925 ] 
[ -414844171.366844, -75086367808.223953, 1704347070.237346 ] 
[ 17392347.801925, 1704347070.237346, -13108615.317155 ] 
vertexline variance is negative: -215465794.343079
ref-point=(-0.093706,1.053813,0.012954)
pos=(-0.088937,1.000054,0.005733) at t=-0.054451
err=
[ 643893.428344, -414844171.366844, 17392347.801925 ] 
[ -414844171.366844, -75086367808.223953, 1704347070.237346 ] 
[ 17392347.801925, 1704347070.237346, -13108615.317155 ] 
vertexline variance is negative: -18285666699313.515625
ref-point=(-0.093706,1.053813,0.012954)
pos=(-1.482718,16.714666,2.116629) at t=15.862444
err=
[ 643893.428344, -414844171.366844, 17392347.801925 ] 
[ -414844171.366844, -75086367808.223953, 1704347070.237346 ] 
[ 17392347.801925, 1704347070.237346, -13108615.317155 ] 
vertexline variance is negative: -10448156861080.814453
ref-point=(-0.093706,1.053813,0.012954)
pos=(-1.143660,12.891855,1.603122) at t=11.990424
err=
[ 643893.428344, -414844171.366844, 17392347.801925 ] 
[ -414844171.366844, -75086367808.223953, 1704347070.237346 ] 
[ 17392347.801925, 1704347070.237346, -13108615.317155 ] 
vertexline variance is negative: -0.000000
ref-point=(-0.093706,1.053813,0.012954)
pos=(-0.093706,1.053813,0.012954) at t=0.000000
err=
[ 643893.428344, -414844171.366844, 17392347.801925 ] 
[ -414844171.366844, -75086367808.223953, 1704347070.237346 ] 
[ 17392347.801925, 1704347070.237346, -13108615.317155 ] 
vertexline variance is negative: -28.082379
ref-point=(-0.093756,1.053813,0.012954)
pos=(-0.093707,1.053832,0.012957) at t=0.000019
err=
[ 643893.428344, -414844171.366844, 17392347.801925 ] 
[ -414844171.366844, -75086367808.223953, 1704347070.237346 ] 
[ 17392347.801925, 1704347070.237346, -13108615.317155 ] 
vertexline variance is negative: -26.493164
ref-point=(-0.093756,1.053813,0.012954)
pos=(-0.093704,1.053794,0.012952) at t=-0.000019
err=
[ 643893.428344, -414844171.366844, 17392347.801925 ] 
[ -414844171.366844, -75086367808.223953, 1704347070.237346 ] 
[ 17392347.801925, 1704347070.237346, -13108615.317155 ] 
vertexline variance is negative: -28.082382
ref-point=(-0.093756,1.053813,0.012954)
pos=(-0.093707,1.053832,0.012957) at t=0.000019
err=
[ 643893.428344, -414844171.366844, 17392347.801925 ] 
[ -414844171.366844, -75086367808.223953, 1704347070.237346 ] 
[ 17392347.801925, 1704347070.237346, -13108615.317155 ] 
vertexline variance is negative: -26.493167
ref-point=(-0.093756,1.053813,0.012954)
pos=(-0.093704,1.053794,0.012952) at t=-0.000019
err=
[ 643893.428344, -414844171.366844, 17392347.801925 ] 
[ -414844171.366844, -75086367808.223953, 1704347070.237346 ] 
[ 17392347.801925, 1704347070.237346, -13108615.317155 ] 
vertexline variance is negative: -0.000000
ref-point=(-0.093706,1.053813,0.012954)
pos=(-0.093706,1.053813,0.012954) at t=0.000000
err=
[ 643893.428344, -414844171.366844, 17392347.801925 ] 
[ -414844171.366844, -75086367808.223953, 1704347070.237346 ] 
[ 17392347.801925, 1704347070.237346, -13108615.317155 ] 
vertexline variance is negative: -2732.878649
ref-point=(-0.093706,1.053813,0.012954)
pos=(-0.093723,1.054004,0.012980) at t=0.000194
err=
[ 643893.428344, -414844171.366844, 17392347.801925 ] 
[ -414844171.366844, -75086367808.223953, 1704347070.237346 ] 
[ 17392347.801925, 1704347070.237346, -13108615.317155 ] 
vertexline variance is negative: -2724.988273
ref-point=(-0.093706,1.053813,0.012954)
pos=(-0.093689,1.053622,0.012929) at t=-0.000194
err=
[ 643893.428344, -414844171.366844, 17392347.801925 ] 
[ -414844171.366844, -75086367808.223953, 1704347070.237346 ] 
[ 17392347.801925, 1704347070.237346, -13108615.317155 ] 
vertexline variance is negative: -0.000000
ref-point=(-0.093706,1.053813,0.012954)
pos=(-0.093706,1.053813,0.012954) at t=0.000000
err=
[ 643893.428344, -414844171.366844, 17392347.801925 ] 
[ -414844171.366844, -75086367808.223953, 1704347070.237346 ] 
[ 17392347.801925, 1704347070.237346, -13108615.317155 ] 
vertexline variance is negative: -2732.878649
ref-point=(-0.093706,1.053813,0.012954)
pos=(-0.093723,1.054004,0.012980) at t=0.000194
err=
[ 643893.428344, -414844171.366844, 17392347.801925 ] 
[ -414844171.366844, -75086367808.223953, 1704347070.237346 ] 
[ 17392347.801925, 1704347070.237346, -13108615.317155 ] 
vertexline variance is negative: -2724.988273
ref-point=(-0.093706,1.053813,0.012954)
pos=(-0.093689,1.053622,0.012929) at t=-0.000194
err=
[ 643893.428344, -414844171.366844, 17392347.801925 ] 
[ -414844171.366844, -75086367808.223953, 1704347070.237346 ] 
[ 17392347.801925, 1704347070.237346, -13108615.317155 ] 
vertexline variance is negative: -276831.741018
ref-point=(-0.093706,1.053813,0.012954)
pos=(-0.093876,1.055740,0.013213) at t=0.001952
err=
[ 643893.428344, -414844171.366844, 17392347.801925 ] 
[ -414844171.366844, -75086367808.223953, 1704347070.237346 ] 
[ 17392347.801925, 1704347070.237346, -13108615.317155 ] 
vertexline variance is negative: -268982.882714
ref-point=(-0.093706,1.053813,0.012954)
pos=(-0.093537,1.051914,0.012699) at t=-0.001924
err=
[ 643893.428344, -414844171.366844, 17392347.801925 ] 
[ -414844171.366844, -75086367808.223953, 1704347070.237346 ] 
